
  0.0000453999297625  0.0000000000000000  0.0000000000000000  0.0000000000000000  0.0000000000000000  0.0000000000000000  0.0000000000000000  0.0000000000000000  0.0000000000000000  0.0000000000000000  0.0000000000000000  0.0000000000000000
  0.0000000000000000  0.0000453999297625  0.0000000000000000  0.0000000000000000  0.0000000000000000  0.0000000000000000  0.0000000000000000  0.0000000000000000  0.0000000000000000  0.0000000000000000  0.0000000000000000  0.0000000000000000
  0.0000000000000000  0.0000000000000000  0.0000453999297625  0.0000000000000000  0.0000000000000000  0.0000000000000000  0.0000000000000000  0.0000000000000000  0.0000000000000000  0.0000000000000000  0.0000000000000000  0.0000000000000000
  0.0000000000000000  0.0000000000000000  0.0000000000000000  0.0000453999297625  0.0000000000000000  0.0000000000000000  0.0000000000000000  0.0000000000000000  0.0000000000000000  0.0000000000000000  0.0000000000000000  0.0000000000000000
  0.0000000000000000  0.0000000000000000  0.0000000000000000  0.0000000000000000  0.0000453999297625  0.0000000000000000  0.0000000000000000  0.0000000000000000  0.0000000000000000  0.0000000000000000  0.0000000000000000  0.0000000000000000
  0.0000000000000000  0.0000000000000000  0.0000000000000000  0.0000000000000000  0.0000000000000000  0.0000453999297625  0.0000000000000000  0.0000000000000000  0.0000000000000000  0.0000000000000000  0.0000000000000000  0.0000000000000000
  0.0000000000000000  0.0000000000000000  0.0000000000000000  0.0000000000000000  0.0000000000000000  0.0000000000000000  0.0000453999297625  0.0000000000000000  0.0000000000000000  0.0000000000000000  0.0000000000000000  0.0000000000000000
  0.0000000000000000  0.0000000000000000  0.0000000000000000  0.0000000000000000  0.0000000000000000  0.0000000000000000  0.0000000000000000  0.0000453999297625  0.0000000000000000  0.0000000000000000  0.0000000000000000  0.0000000000000000
  0.0000000000000000  0.0000000000000000  0.0000000000000000  0.0000000000000000  0.0000000000000000  0.0000000000000000  0.0000000000000000  0.0000000000000000  0.0000453999297625  0.0000000000000000  0.0000000000000000  0.0000000000000000
  0.0000000000000000  0.0000000000000000  0.0000000000000000  0.0000000000000000  0.0000000000000000  0.0000000000000000  0.0000000000000000  0.0000000000000000  0.0000000000000000  0.0000453999297625  0.0000000000000000  0.0000000000000000
  0.0000000000000000  0.0000000000000000  0.0000000000000000  0.0000000000000000  0.0000000000000000  0.0000000000000000  0.0000000000000000  0.0000000000000000  0.0000000000000000  0.0000000000000000  0.0000453999297625  0.0000000000000000
  0.0000000000000000  0.0000000000000000  0.0000000000000000  0.0000000000000000  0.0000000000000000  0.0000000000000000  0.0000000000000000  0.0000000000000000  0.0000000000000000  0.0000000000000000  0.0000000000000000  0.0000453999297625



  0.0000504940473312 -0.0000042926103169  0.0000197695928395  0.0000033057174286 -0.0000072961776323 -0.0000086064186280 -0.0000010398246315  0.0000101319246520  0.0000073210302045 -0.0000047445472409  0.0000004263475002  0.0000041516710294
 -0.0000042926103169  0.0000490171417887 -0.0000166590497840 -0.0000027855966313  0.0000061481987716  0.0000072522867592  0.0000008762188702 -0.0000085377700267 -0.0000061691410459  0.0000039980413017 -0.0000003592660855 -0.0000034984480929
  0.0000197695928395 -0.0000166590497840  0.0001221230904995  0.0000128290497274 -0.0000283154951038 -0.0000334003661646 -0.0000040354211129  0.0000393206521734  0.0000284119446315 -0.0000184129568851  0.0000016545979501  0.0000161120831524
  0.0000033057174286 -0.0000027855966313  0.0000128290497274  0.0000475451035969 -0.0000047346966842 -0.0000055849492425 -0.0000006747717069  0.0000065748933855  0.0000047508242235 -0.0000030788713244  0.0000002766689899  0.0000026941371287
 -0.0000072961776323  0.0000061481987716 -0.0000283154951038 -0.0000047346966842  0.0000558500631417  0.0000123267589019  0.0000014893149040 -0.0000145117031598 -0.0000104857290989  0.0000067954967642 -0.0000006106468986 -0.0000059463349428
 -0.0000086064186280  0.0000072522867592 -0.0000334003661646 -0.0000055849492425  0.0000123267589019  0.0000599403169052  0.0000017567647306 -0.0000171177017188 -0.0000123687468689  0.0000080158259413 -0.0000007203063177 -0.0000070141724063
 -0.0000010398246315  0.0000008762188702 -0.0000040354211129 -0.0000006747717069  0.0000014893149040  0.0000017567647306  0.0000456121814920 -0.0000020681550190 -0.0000014943878762  0.0000009684694198 -0.0000000870271693 -0.0000008474499734
  0.0000101319246520 -0.0000085377700267  0.0000393206521734  0.0000065748933855 -0.0000145117031598 -0.0000171177017188 -0.0000020681550190  0.0000655517805529  0.0000145611335833 -0.0000094366481543  0.0000008479821459  0.0000082574493978
  0.0000073210302045 -0.0000061691410459  0.0000284119446315  0.0000047508242235 -0.0000104857290989 -0.0000123687468689 -0.0000014943878762  0.0000145611335833  0.0000559213758290 -0.0000068186438945  0.0000006127269119  0.0000059665896194
 -0.0000047445472409  0.0000039980413017 -0.0000184129568851 -0.0000030788713244  0.0000067954967642  0.0000080158259413  0.0000009684694198 -0.0000094366481543 -0.0000068186438945  0.0000498188950136 -0.0000003970905321 -0.0000038667735996
  0.0000004263475002 -0.0000003592660855  0.0000016545979501  0.0000002766689899 -0.0000006106468986 -0.0000007203063177 -0.0000000870271693  0.0000008479821459  0.0000006127269119 -0.0000003970905321  0.0000454356125257  0.0000003474703010
  0.0000041516710294 -0.0000034984480929  0.0000161120831524  0.0000026941371287 -0.0000059463349428 -0.0000070141724063 -0.0000008474499734  0.0000082574493978  0.0000059665896194 -0.0000038667735996  0.0000003474703010  0.0000487835132986



  0.0000453999297625  0.0000000000000000  0.0000000000000000  0.0000000000000000  0.0000000000000000  0.0000000000000000  0.0000000000000000  0.0000000000000000  0.0000000000000000  0.0000000000000000  0.0000000000000000  0.0000000000000000
  0.0000000000000000  0.0000453999297625  0.0000000000000000  0.0000000000000000  0.0000000000000000  0.0000000000000000  0.0000000000000000  0.0000000000000000  0.0000000000000000  0.0000000000000000  0.0000000000000000  0.0000000000000000
  0.0000000000000000  0.0000000000000000  0.0000453999297625  0.0000000000000000  0.0000000000000000  0.0000000000000000  0.0000000000000000  0.0000000000000000  0.0000000000000000  0.0000000000000000  0.0000000000000000  0.0000000000000000
  0.0000000000000000  0.0000000000000000  0.0000000000000000  0.0000453999297625  0.0000000000000000  0.0000000000000000  0.0000000000000000  0.0000000000000000  0.0000000000000000  0.0000000000000000  0.0000000000000000  0.0000000000000000
  0.0000000000000000  0.0000000000000000  0.0000000000000000  0.0000000000000000  0.0000453999297625  0.0000000000000000  0.0000000000000000  0.0000000000000000  0.0000000000000000  0.0000000000000000  0.0000000000000000  0.0000000000000000
  0.0000000000000000  0.0000000000000000  0.0000000000000000  0.0000000000000000  0.0000000000000000  0.0000453999297625  0.0000000000000000  0.0000000000000000  0.0000000000000000  0.0000000000000000  0.0000000000000000  0.0000000000000000
  0.0000000000000000  0.0000000000000000  0.0000000000000000  0.0000000000000000  0.0000000000000000  0.0000000000000000  0.0000453999297625  0.0000000000000000  0.0000000000000000  0.0000000000000000  0.0000000000000000  0.0000000000000000
  0.0000000000000000  0.0000000000000000  0.0000000000000000  0.0000000000000000  0.0000000000000000  0.0000000000000000  0.0000000000000000  0.0000453999297625  0.0000000000000000  0.0000000000000000  0.0000000000000000  0.0000000000000000
  0.0000000000000000  0.0000000000000000  0.0000000000000000  0.0000000000000000  0.0000000000000000  0.0000000000000000  0.0000000000000000  0.0000000000000000  0.0000453999297625  0.0000000000000000  0.0000000000000000  0.0000000000000000
  0.0000000000000000  0.0000000000000000  0.0000000000000000  0.0000000000000000  0.0000000000000000  0.0000000000000000  0.0000000000000000  0.0000000000000000  0.0000000000000000  0.0000453999297625  0.0000000000000000  0.0000000000000000
  0.0000000000000000  0.0000000000000000  0.0000000000000000  0.0000000000000000  0.0000000000000000  0.0000000000000000  0.0000000000000000  0.0000000000000000  0.0000000000000000  0.0000000000000000  0.0000453999297625  0.0000000000000000
  0.0000000000000000  0.0000000000000000  0.0000000000000000  0.0000000000000000  0.0000000000000000  0.0000000000000000  0.0000000000000000  0.0000000000000000  0.0000000000000000  0.0000000000000000  0.0000000000000000  0.0000453999297625



  0.0000503225357105 -0.0000060495499620  0.0000004632311755 -0.0000078015066499  0.0000028577655094  0.0000031509929348 -0.0000015676952885  0.0000026612050429  0.0000031106527967  0.0000098392102034  0.0000027849055802  0.0000038184214310
 -0.0000060495499620  0.0000528344177408 -0.0000005692798021  0.0000095875243226 -0.0000035120006378 -0.0000038723573226  0.0000019265915398 -0.0000032704411111 -0.0000038227820197 -0.0000120917242493 -0.0000034224607098 -0.0000046925818290
  0.0000004632311755 -0.0000005692798021  0.0000454435211294 -0.0000007341438933  0.0000002689238363  0.0000002965173683 -0.0000001475245711  0.0000002504269391  0.0000002927212470  0.0000009258975746  0.0000002620675104  0.0000003593242820
 -0.0000078015066499  0.0000095875243226 -0.0000007341438933  0.0000577640122527 -0.0000045290800972 -0.0000049937964961  0.0000024845346850 -0.0000042175646513 -0.0000049298641279 -0.0000155935016212 -0.0000044136093023 -0.0000060515589712
  0.0000028577655094 -0.0000035120006378  0.0000002689238363 -0.0000045290800972  0.0000470589745435  0.0000018292747835 -0.0000009101085019  0.0000015449337333  0.0000018058557537  0.0000057120468012  0.0000016167467391  0.0000022167431603
  0.0000031509929348 -0.0000038723573226  0.0000002965173683 -0.0000049937964961  0.0000018292747835  0.0000474169013788 -0.0000010034922215  0.0000017034551164  0.0000019911496245  0.0000062981441461  0.0000017826366563  0.0000024441970530
 -0.0000015676952885  0.0000019265915398 -0.0000001475245711  0.0000024845346850 -0.0000009101085019 -0.0000010034922215  0.0000458991914429 -0.0000008475101708 -0.0000009906451553 -0.0000031334792266 -0.0000008869049043 -0.0000012160472218
  0.0000026612050429 -0.0000032704411111  0.0000002504269391 -0.0000042175646513  0.0000015449337333  0.0000017034551164 -0.0000008475101708  0.0000468386011400  0.0000016816468750  0.0000053191655167  0.0000015055450004  0.0000020642729634
  0.0000031106527967 -0.0000038227820197  0.0000002927212470 -0.0000049298641279  0.0000018058557537  0.0000019911496245 -0.0000009906451553  0.0000016816468750  0.0000473655879776  0.0000062175130530  0.0000017598147045  0.0000024129055685
  0.0000098392102034 -0.0000120917242493  0.0000009258975746 -0.0000155935016212  0.0000057120468012  0.0000062981441461 -0.0000031334792266  0.0000053191655167  0.0000062175130530  0.0000650663541011  0.0000055664157744  0.0000076321874027
  0.0000027849055802 -0.0000034224607098  0.0000002620675104 -0.0000044136093023  0.0000016167467391  0.0000017826366563 -0.0000008869049043  0.0000015055450004  0.0000017598147045  0.0000055664157744  0.0000469754568660  0.0000021602263645
  0.0000038184214310 -0.0000046925818290  0.0000003593242820 -0.0000060515589712  0.0000022167431603  0.0000024441970530 -0.0000012160472218  0.0000020642729634  0.0000024129055685  0.0000076321874027  0.0000021602263645  0.0000483618451339



  0.0000453999297625  0.0000000000000000  0.0000000000000000  0.0000000000000000  0.0000000000000000  0.0000000000000000  0.0000000000000000  0.0000000000000000  0.0000000000000000  0.0000000000000000  0.0000000000000000  0.0000000000000000
  0.0000000000000000  0.0000453999297625  0.0000000000000000  0.0000000000000000  0.0000000000000000  0.0000000000000000  0.0000000000000000  0.0000000000000000  0.0000000000000000  0.0000000000000000  0.0000000000000000  0.0000000000000000
  0.0000000000000000  0.0000000000000000  0.0000453999297625  0.0000000000000000  0.0000000000000000  0.0000000000000000  0.0000000000000000  0.0000000000000000  0.0000000000000000  0.0000000000000000  0.0000000000000000  0.0000000000000000
  0.0000000000000000  0.0000000000000000  0.0000000000000000  0.0000453999297625  0.0000000000000000  0.0000000000000000  0.0000000000000000  0.0000000000000000  0.0000000000000000  0.0000000000000000  0.0000000000000000  0.0000000000000000
  0.0000000000000000  0.0000000000000000  0.0000000000000000  0.0000000000000000  0.0000453999297625  0.0000000000000000  0.0000000000000000  0.0000000000000000  0.0000000000000000  0.0000000000000000  0.0000000000000000  0.0000000000000000
  0.0000000000000000  0.0000000000000000  0.0000000000000000  0.0000000000000000  0.0000000000000000  0.0000453999297625  0.0000000000000000  0.0000000000000000  0.0000000000000000  0.0000000000000000  0.0000000000000000  0.0000000000000000
  0.0000000000000000  0.0000000000000000  0.0000000000000000  0.0000000000000000  0.0000000000000000  0.0000000000000000  0.0000453999297625  0.0000000000000000  0.0000000000000000  0.0000000000000000  0.0000000000000000  0.0000000000000000
  0.0000000000000000  0.0000000000000000  0.0000000000000000  0.0000000000000000  0.0000000000000000  0.0000000000000000  0.0000000000000000  0.0000453999297625  0.0000000000000000  0.0000000000000000  0.0000000000000000  0.0000000000000000
  0.0000000000000000  0.0000000000000000  0.0000000000000000  0.0000000000000000  0.0000000000000000  0.0000000000000000  0.0000000000000000  0.0000000000000000  0.0000453999297625  0.0000000000000000  0.0000000000000000  0.0000000000000000
  0.0000000000000000  0.0000000000000000  0.0000000000000000  0.0000000000000000  0.0000000000000000  0.0000000000000000  0.0000000000000000  0.0000000000000000  0.0000000000000000  0.0000453999297625  0.0000000000000000  0.0000000000000000
  0.0000000000000000  0.0000000000000000  0.0000000000000000  0.0000000000000000  0.0000000000000000  0.0000000000000000  0.0000000000000000  0.0000000000000000  0.0000000000000000  0.0000000000000000  0.0000453999297625  0.0000000000000000
  0.0000000000000000  0.0000000000000000  0.0000000000000000  0.0000000000000000  0.0000000000000000  0.0000000000000000  0.0000000000000000  0.0000000000000000  0.0000000000000000  0.0000000000000000  0.0000000000000000  0.0000453999297625



  0.0000453999297625  0.0000000000000000  0.0000000000000000  0.0000000000000000  0.0000000000000000  0.0000000000000000  0.0000000000000000  0.0000000000000000  0.0000000000000000  0.0000000000000000  0.0000000000000000  0.0000000000000000
  0.0000000000000000  0.0000453999297625  0.0000000000000000  0.0000000000000000  0.0000000000000000  0.0000000000000000  0.0000000000000000  0.0000000000000000  0.0000000000000000  0.0000000000000000  0.0000000000000000  0.0000000000000000
  0.0000000000000000  0.0000000000000000  0.0000453999297625  0.0000000000000000  0.0000000000000000  0.0000000000000000  0.0000000000000000  0.0000000000000000  0.0000000000000000  0.0000000000000000  0.0000000000000000  0.0000000000000000
  0.0000000000000000  0.0000000000000000  0.0000000000000000  0.0000453999297625  0.0000000000000000  0.0000000000000000  0.0000000000000000  0.0000000000000000  0.0000000000000000  0.0000000000000000  0.0000000000000000  0.0000000000000000
  0.0000000000000000  0.0000000000000000  0.0000000000000000  0.0000000000000000  0.0000453999297625  0.0000000000000000  0.0000000000000000  0.0000000000000000  0.0000000000000000  0.0000000000000000  0.0000000000000000  0.0000000000000000
  0.0000000000000000  0.0000000000000000  0.0000000000000000  0.0000000000000000  0.0000000000000000  0.0000453999297625  0.0000000000000000  0.0000000000000000  0.0000000000000000  0.0000000000000000  0.0000000000000000  0.0000000000000000
  0.0000000000000000  0.0000000000000000  0.0000000000000000  0.0000000000000000  0.0000000000000000  0.0000000000000000  0.0000453999297625  0.0000000000000000  0.0000000000000000  0.0000000000000000  0.0000000000000000  0.0000000000000000
  0.0000000000000000  0.0000000000000000  0.0000000000000000  0.0000000000000000  0.0000000000000000  0.0000000000000000  0.0000000000000000  0.0000453999297625  0.0000000000000000  0.0000000000000000  0.0000000000000000  0.0000000000000000
  0.0000000000000000  0.0000000000000000  0.0000000000000000  0.0000000000000000  0.0000000000000000  0.0000000000000000  0.0000000000000000  0.0000000000000000  0.0000453999297625  0.0000000000000000  0.0000000000000000  0.0000000000000000
  0.0000000000000000  0.0000000000000000  0.0000000000000000  0.0000000000000000  0.0000000000000000  0.0000000000000000  0.0000000000000000  0.0000000000000000  0.0000000000000000  0.0000453999297625  0.0000000000000000  0.0000000000000000
  0.0000000000000000  0.0000000000000000  0.0000000000000000  0.0000000000000000  0.0000000000000000  0.0000000000000000  0.0000000000000000  0.0000000000000000  0.0000000000000000  0.0000000000000000  0.0000453999297625  0.0000000000000000
  0.0000000000000000  0.0000000000000000  0.0000000000000000  0.0000000000000000  0.0000000000000000  0.0000000000000000  0.0000000000000000  0.0000000000000000  0.0000000000000000  0.0000000000000000  0.0000000000000000  0.0000453999297625



  0.4644297107207356 -0.7541771848889218 -0.1842759398308494 -0.0044522879286864 -0.0088505736036983  0.8669779420412232  0.0927275091447260 -0.1110748805220831  0.3014577596531690  0.5428746904769772  0.1032570129165566  0.1187398906299471
 -0.7541771848889218  1.4301782063349155  0.2105090818050695  0.0049010898101931 -0.4341370968727425 -1.0655255460969018 -0.7482069723300211  0.4573737555623786 -0.2989761543734568 -0.8100372997281754  0.3833414560935120 -0.1552048915478036
 -0.1842759398308494  0.2105090818050695  0.1115417022723789  0.0027738442899023  0.1974063179076728 -0.4920880242778602  0.2215567189692518 -0.0756656140944913 -0.2020224744663491 -0.2463803021912992 -0.2791902432254746 -0.0633871224091173
 -0.0044522879286864  0.0049010898101931  0.0027738442899023  0.0001145179598728  0.0051736872075934 -0.0121979405810820  0.0058915428285324 -0.0020777480741071 -0.0050528148608016 -0.0060173197457463 -0.0072420523206871 -0.0015654066443303
 -0.0088505736036983 -0.4341370968727425  0.1974063179076728  0.0051736872075934  0.9799558401115391 -0.7646448621474677  1.3036807626439626 -0.6029362352599579 -0.4221034378307346 -0.1667762616184467 -1.2056662815588828 -0.0844699219541453
  0.8669779420412232 -1.0655255460969018 -0.4920880242778602 -0.0121979405810820 -0.7646448621474677  2.1899000198083027 -0.8237107817309387  0.2546425701726084  0.8807307273377820  1.1329630800370905  1.1119071627877350  0.2844527170067127
  0.0927275091447260 -0.7482069723300211  0.2215567189692518  0.0058915428285324  1.3036807626439626 -0.8237107817309387  1.7579934805266337 -0.8283768819212569 -0.4945778953603512 -0.1000330768267004 -1.5832387464211037 -0.0858260373214131
 -0.1110748805220831  0.4573737555623786 -0.0756656140944913 -0.0020777480741071 -0.6029362352599579  0.2546425701726084 -0.8283768819212569  0.4002721392204488  0.1850228088522781 -0.0332434114321807  0.7186629082839425  0.0223669244939228
  0.3014577596531690 -0.2989761543734568 -0.2020224744663491 -0.0050528148608016 -0.4221034378307346  0.8807307273377820 -0.4945778953603512  0.1850228088522781  0.3726769241830074  0.4188877489515584  0.5785621049073670  0.1120159122532813
  0.5428746904769772 -0.8100372997281754 -0.2463803021912992 -0.0060173197457463 -0.1667762616184467  1.1329630800370905 -0.1000330768267004 -0.0332434114321807  0.4188877489515584  0.6596531833253210  0.3128971714537900  0.1519348475598268
  0.1032570129165566  0.3833414560935120 -0.2791902432254746 -0.0072420523206871 -1.2056662815588828  1.1119071627877350 -1.5832387464211037  0.7186629082839425  0.5785621049073670  0.3128971714537900  1.5018534047463940  0.1274004580211720
  0.1187398906299471 -0.1552048915478036 -0.0633871224091173 -0.0015654066443303 -0.0844699219541453  0.2844527170067127 -0.0858260373214131  0.0223669244939228  0.1120159122532813  0.1519348475598268  0.1274004580211720  0.0373040857999654



  0.0653011201309470 -0.0458824535052698  0.0999312710859327 -0.1250860660211134 -0.1570696202173671  0.1721755531718801  0.0192843415655847  0.0177036910165612  0.0882313420219284  0.0712481788261320 -0.1185220187618388  0.1623201701614833
 -0.0458824535052698  0.7612566232442622  0.1535201484127511 -0.4177404565943553  0.5812106478186772 -0.8518439004359476  0.1359063198334321 -0.4748210568098224 -1.5453264825638375 -0.1376386952181420  0.1924896042052570  0.0779475169342371
  0.0999312710859327  0.1535201484127511  0.2296533654697525 -0.3292375010017065 -0.1075937468348711 -0.0093914794096204  0.1721193743028039 -0.1340168454836380 -0.2350420629192888  0.0839691766022876 -0.1497844557094958  0.2902671422867146
 -0.1250860660211134 -0.4177404565943553 -0.3292375010017065  0.6297877153372271 -0.0513395354979562  0.0683030494028664  0.0749892997588526  0.2440491848624292  1.0498670113179270 -0.0719702458943183  0.1474704830642794 -0.4829128440793478
 -0.1570696202173671  0.5812106478186772 -0.1075937468348711 -0.0513395354979562  0.6991874376584912 -0.8147217789970425 -0.0921485631446743 -0.3130047117937792 -1.2956557181308843 -0.2305847837530036  0.3584117493244636 -0.2412435020146475
  0.1721755531718801 -0.8518439004359476 -0.0093914794096204  0.0683030494028664 -0.8147217789970425  1.4882526830704788 -0.6971181893952689  0.6288979894765941  1.1927870490499761  0.2650094644483449 -0.4110613379661217  0.3425618843220343
  0.0192843415655847  0.1359063198334321  0.1721193743028039  0.0749892997588526 -0.0921485631446743 -0.6971181893952689  1.2238729838127844 -0.3251235087644382  0.7682138270523032  0.0244268533862664 -0.0346510630867014 -0.1247595749153484
  0.0177036910165612 -0.4748210568098224 -0.1340168454836380  0.2440491848624292 -0.3130047117937792  0.6288979894765941 -0.3251235087644382  0.3448553821975509  0.7572476669367223  0.0706284934463728 -0.0970262216284276 -0.0357232073443192
  0.0882313420219284 -1.5453264825638375 -0.2350420629192888  1.0498670113179270 -1.2956557181308843  1.1927870490499761  0.7682138270523032  0.7572476669367223  4.0594439016747160  0.2932545557539610 -0.4017529567538560 -0.3582641590016855
  0.0712481788261320 -0.1376386952181420  0.0839691766022876 -0.0719702458943183 -0.2305847837530036  0.2650094644483449  0.0244268533862664  0.0706284934463728  0.2932545557539610  0.0887325634814422 -0.1429099412589189  0.1503501075646786
 -0.1185220187618388  0.1924896042052570 -0.1497844557094958  0.1474704830642794  0.3584117493244636 -0.4110613379661217 -0.0346510630867014 -0.0970262216284276 -0.4017529567538560 -0.1429099412589189  0.2320663097534842 -0.2621242075151318
  0.1623201701614833  0.0779475169342371  0.2902671422867146 -0.4829128440793478 -0.2412435020146475  0.3425618843220343 -0.1247595749153484 -0.0357232073443192 -0.3582641590016855  0.1503501075646786 -0.2621242075151318  0.4923088462035706



  0.0000453999297625  0.0000000000000000  0.0000000000000000  0.0000000000000000  0.0000000000000000  0.0000000000000000  0.0000000000000000  0.0000000000000000  0.0000000000000000  0.0000000000000000  0.0000000000000000  0.0000000000000000
  0.0000000000000000  0.0000453999297625  0.0000000000000000  0.0000000000000000  0.0000000000000000  0.0000000000000000  0.0000000000000000  0.0000000000000000  0.0000000000000000  0.0000000000000000  0.0000000000000000  0.0000000000000000
  0.0000000000000000  0.0000000000000000  0.0000453999297625  0.0000000000000000  0.0000000000000000  0.0000000000000000  0.0000000000000000  0.0000000000000000  0.0000000000000000  0.0000000000000000  0.0000000000000000  0.0000000000000000
  0.0000000000000000  0.0000000000000000  0.0000000000000000  0.0000453999297625  0.0000000000000000  0.0000000000000000  0.0000000000000000  0.0000000000000000  0.0000000000000000  0.0000000000000000  0.0000000000000000  0.0000000000000000
  0.0000000000000000  0.0000000000000000  0.0000000000000000  0.0000000000000000  0.0000453999297625  0.0000000000000000  0.0000000000000000  0.0000000000000000  0.0000000000000000  0.0000000000000000  0.0000000000000000  0.0000000000000000
  0.0000000000000000  0.0000000000000000  0.0000000000000000  0.0000000000000000  0.0000000000000000  0.0000453999297625  0.0000000000000000  0.0000000000000000  0.0000000000000000  0.0000000000000000  0.0000000000000000  0.0000000000000000
  0.0000000000000000  0.0000000000000000  0.0000000000000000  0.0000000000000000  0.0000000000000000  0.0000000000000000  0.0000453999297625  0.0000000000000000  0.0000000000000000  0.0000000000000000  0.0000000000000000  0.0000000000000000
  0.0000000000000000  0.0000000000000000  0.0000000000000000  0.0000000000000000  0.0000000000000000  0.0000000000000000  0.0000000000000000  0.0000453999297625  0.0000000000000000  0.0000000000000000  0.0000000000000000  0.0000000000000000
  0.0000000000000000  0.0000000000000000  0.0000000000000000  0.0000000000000000  0.0000000000000000  0.0000000000000000  0.0000000000000000  0.0000000000000000  0.0000453999297625  0.0000000000000000  0.0000000000000000  0.0000000000000000
  0.0000000000000000  0.0000000000000000  0.0000000000000000  0.0000000000000000  0.0000000000000000  0.0000000000000000  0.0000000000000000  0.0000000000000000  0.0000000000000000  0.0000453999297625  0.0000000000000000  0.0000000000000000
  0.0000000000000000  0.0000000000000000  0.0000000000000000  0.0000000000000000  0.0000000000000000  0.0000000000000000  0.0000000000000000  0.0000000000000000  0.0000000000000000  0.0000000000000000  0.0000453999297625  0.0000000000000000
  0.0000000000000000  0.0000000000000000  0.0000000000000000  0.0000000000000000  0.0000000000000000  0.0000000000000000  0.0000000000000000  0.0000000000000000  0.0000000000000000  0.0000000000000000  0.0000000000000000  0.0000453999297625



  0.0000502647240753 -0.0000062193058923 -0.0000031260977371 -0.0000049637688896  0.0000039695850674  0.0000043438003264 -0.0000026961539675 -0.0000010162780289  0.0000029212137524 -0.0000014734340476  0.0000029737412928  0.0000074188403234
 -0.0000062193058923  0.0000533508858144  0.0000039965015633  0.0000063458381010 -0.0000050748422672 -0.0000055532508114  0.0000034468479402  0.0000012992417617 -0.0000037345714402  0.0000018836843790 -0.0000038017242981 -0.0000094844785558
 -0.0000031260977371  0.0000039965015633  0.0000474087479023  0.0000031896984118 -0.0000025508397886 -0.0000027913090457  0.0000017325379604  0.0000006530562737 -0.0000018771604951  0.0000009468229376 -0.0000019109144865 -0.0000047673176820
 -0.0000049637688896  0.0000063458381010  0.0000031896984118  0.0000504646868736 -0.0000040503465502 -0.0000044321752445  0.0000027510074065  0.0000010369542757 -0.0000029806460483  0.0000015034111652 -0.0000030342422651 -0.0000075697771431
  0.0000039695850674 -0.0000050748422672 -0.0000025508397886 -0.0000040503465502  0.0000486390401120  0.0000035444633015 -0.0000022000133696 -0.0000008292646777  0.0000023836581250 -0.0000012022958047  0.0000024265196576  0.0000060536408883
  0.0000043438003264 -0.0000055532508114 -0.0000027913090457 -0.0000044321752445  0.0000035444633015  0.0000492785318291 -0.0000024074100015 -0.0000009074399758  0.0000026083670624 -0.0000013156369798  0.0000026552691784  0.0000066243213888
 -0.0000026961539675  0.0000034468479402  0.0000017325379604  0.0000027510074065 -0.0000022000133696 -0.0000024074100015  0.0000468941853772  0.0000005632390320 -0.0000016189876780  0.0000008166028814 -0.0000016480993582 -0.0000041116508708
 -0.0000010162780289  0.0000012992417617  0.0000006530562737  0.0000010369542757 -0.0000008292646777 -0.0000009074399758  0.0000005632390320  0.0000456122349424 -0.0000006102550618  0.0000003078071863 -0.0000006212283079 -0.0000015498300515
  0.0000029212137524 -0.0000037345714402 -0.0000018771604951 -0.0000029806460483  0.0000023836581250  0.0000026083670624 -0.0000016189876780 -0.0000006102550618  0.0000471540614356 -0.0000008847683019  0.0000017856734328  0.0000044548683842
 -0.0000014734340476  0.0000018836843790  0.0000009468229376  0.0000015034111652 -0.0000012022958047 -0.0000013156369798  0.0000008166028814  0.0000003078071863 -0.0000008847683019  0.0000458461989679 -0.0000009006776829 -0.0000022469957049
  0.0000029737412928 -0.0000038017242981 -0.0000019109144865 -0.0000030342422651  0.0000024265196576  0.0000026552691784 -0.0000016480993582 -0.0000006212283079  0.0000017856734328 -0.0000009006776829  0.0000472177121203  0.0000045349731963
  0.0000074188403234 -0.0000094844785558 -0.0000047673176820 -0.0000075697771431  0.0000060536408883  0.0000066243213888 -0.0000041116508708 -0.0000015498300515  0.0000044548683842 -0.0000022469957049  0.0000045349731963  0.0000567137054755



  0.0000453999297625  0.0000000000000000  0.0000000000000000  0.0000000000000000  0.0000000000000000  0.0000000000000000  0.0000000000000000  0.0000000000000000  0.0000000000000000  0.0000000000000000  0.0000000000000000  0.0000000000000000
  0.0000000000000000  0.0000453999297625  0.0000000000000000  0.0000000000000000  0.0000000000000000  0.0000000000000000  0.0000000000000000  0.0000000000000000  0.0000000000000000  0.0000000000000000  0.0000000000000000  0.0000000000000000
  0.0000000000000000  0.0000000000000000  0.0000453999297625  0.0000000000000000  0.0000000000000000  0.0000000000000000  0.0000000000000000  0.0000000000000000  0.0000000000000000  0.0000000000000000  0.0000000000000000  0.0000000000000000
  0.0000000000000000  0.0000000000000000  0.0000000000000000  0.0000453999297625  0.0000000000000000  0.0000000000000000  0.0000000000000000  0.0000000000000000  0.0000000000000000  0.0000000000000000  0.0000000000000000  0.0000000000000000
  0.0000000000000000  0.0000000000000000  0.0000000000000000  0.0000000000000000  0.0000453999297625  0.0000000000000000  0.0000000000000000  0.0000000000000000  0.0000000000000000  0.0000000000000000  0.0000000000000000  0.0000000000000000
  0.0000000000000000  0.0000000000000000  0.0000000000000000  0.0000000000000000  0.0000000000000000  0.0000453999297625  0.0000000000000000  0.0000000000000000  0.0000000000000000  0.0000000000000000  0.0000000000000000  0.0000000000000000
  0.0000000000000000  0.0000000000000000  0.0000000000000000  0.0000000000000000  0.0000000000000000  0.0000000000000000  0.0000453999297625  0.0000000000000000  0.0000000000000000  0.0000000000000000  0.0000000000000000  0.0000000000000000
  0.0000000000000000  0.0000000000000000  0.0000000000000000  0.0000000000000000  0.0000000000000000  0.0000000000000000  0.0000000000000000  0.0000453999297625  0.0000000000000000  0.0000000000000000  0.0000000000000000  0.0000000000000000
  0.0000000000000000  0.0000000000000000  0.0000000000000000  0.0000000000000000  0.0000000000000000  0.0000000000000000  0.0000000000000000  0.0000000000000000  0.0000453999297625  0.0000000000000000  0.0000000000000000  0.0000000000000000
  0.0000000000000000  0.0000000000000000  0.0000000000000000  0.0000000000000000  0.0000000000000000  0.0000000000000000  0.0000000000000000  0.0000000000000000  0.0000000000000000  0.0000453999297625  0.0000000000000000  0.0000000000000000
  0.0000000000000000  0.0000000000000000  0.0000000000000000  0.0000000000000000  0.0000000000000000  0.0000000000000000  0.0000000000000000  0.0000000000000000  0.0000000000000000  0.0000000000000000  0.0000453999297625  0.0000000000000000
  0.0000000000000000  0.0000000000000000  0.0000000000000000  0.0000000000000000  0.0000000000000000  0.0000000000000000  0.0000000000000000  0.0000000000000000  0.0000000000000000  0.0000000000000000  0.0000000000000000  0.0000453999297625



  0.0000453999297625  0.0000000000000000  0.0000000000000000  0.0000000000000000  0.0000000000000000  0.0000000000000000  0.0000000000000000  0.0000000000000000  0.0000000000000000  0.0000000000000000  0.0000000000000000  0.0000000000000000
  0.0000000000000000  0.0000453999297625  0.0000000000000000  0.0000000000000000  0.0000000000000000  0.0000000000000000  0.0000000000000000  0.0000000000000000  0.0000000000000000  0.0000000000000000  0.0000000000000000  0.0000000000000000
  0.0000000000000000  0.0000000000000000  0.0000453999297625  0.0000000000000000  0.0000000000000000  0.0000000000000000  0.0000000000000000  0.0000000000000000  0.0000000000000000  0.0000000000000000  0.0000000000000000  0.0000000000000000
  0.0000000000000000  0.0000000000000000  0.0000000000000000  0.0000453999297625  0.0000000000000000  0.0000000000000000  0.0000000000000000  0.0000000000000000  0.0000000000000000  0.0000000000000000  0.0000000000000000  0.0000000000000000
  0.0000000000000000  0.0000000000000000  0.0000000000000000  0.0000000000000000  0.0000453999297625  0.0000000000000000  0.0000000000000000  0.0000000000000000  0.0000000000000000  0.0000000000000000  0.0000000000000000  0.0000000000000000
  0.0000000000000000  0.0000000000000000  0.0000000000000000  0.0000000000000000  0.0000000000000000  0.0000453999297625  0.0000000000000000  0.0000000000000000  0.0000000000000000  0.0000000000000000  0.0000000000000000  0.0000000000000000
  0.0000000000000000  0.0000000000000000  0.0000000000000000  0.0000000000000000  0.0000000000000000  0.0000000000000000  0.0000453999297625  0.0000000000000000  0.0000000000000000  0.0000000000000000  0.0000000000000000  0.0000000000000000
  0.0000000000000000  0.0000000000000000  0.0000000000000000  0.0000000000000000  0.0000000000000000  0.0000000000000000  0.0000000000000000  0.0000453999297625  0.0000000000000000  0.0000000000000000  0.0000000000000000  0.0000000000000000
  0.0000000000000000  0.0000000000000000  0.0000000000000000  0.0000000000000000  0.0000000000000000  0.0000000000000000  0.0000000000000000  0.0000000000000000  0.0000453999297625  0.0000000000000000  0.0000000000000000  0.0000000000000000
  0.0000000000000000  0.0000000000000000  0.0000000000000000  0.0000000000000000  0.0000000000000000  0.0000000000000000  0.0000000000000000  0.0000000000000000  0.0000000000000000  0.0000453999297625  0.0000000000000000  0.0000000000000000
  0.0000000000000000  0.0000000000000000  0.0000000000000000  0.0000000000000000  0.0000000000000000  0.0000000000000000  0.0000000000000000  0.0000000000000000  0.0000000000000000  0.0000000000000000  0.0000453999297625  0.0000000000000000
  0.0000000000000000  0.0000000000000000  0.0000000000000000  0.0000000000000000  0.0000000000000000  0.0000000000000000  0.0000000000000000  0.0000000000000000  0.0000000000000000  0.0000000000000000  0.0000000000000000  0.0000453999297625



  0.0000453999297625  0.0000000000000000  0.0000000000000000  0.0000000000000000  0.0000000000000000  0.0000000000000000  0.0000000000000000  0.0000000000000000  0.0000000000000000  0.0000000000000000  0.0000000000000000  0.0000000000000000
  0.0000000000000000  0.0000453999297625  0.0000000000000000  0.0000000000000000  0.0000000000000000  0.0000000000000000  0.0000000000000000  0.0000000000000000  0.0000000000000000  0.0000000000000000  0.0000000000000000  0.0000000000000000
  0.0000000000000000  0.0000000000000000  0.0000453999297625  0.0000000000000000  0.0000000000000000  0.0000000000000000  0.0000000000000000  0.0000000000000000  0.0000000000000000  0.0000000000000000  0.0000000000000000  0.0000000000000000
  0.0000000000000000  0.0000000000000000  0.0000000000000000  0.0000453999297625  0.0000000000000000  0.0000000000000000  0.0000000000000000  0.0000000000000000  0.0000000000000000  0.0000000000000000  0.0000000000000000  0.0000000000000000
  0.0000000000000000  0.0000000000000000  0.0000000000000000  0.0000000000000000  0.0000453999297625  0.0000000000000000  0.0000000000000000  0.0000000000000000  0.0000000000000000  0.0000000000000000  0.0000000000000000  0.0000000000000000
  0.0000000000000000  0.0000000000000000  0.0000000000000000  0.0000000000000000  0.0000000000000000  0.0000453999297625  0.0000000000000000  0.0000000000000000  0.0000000000000000  0.0000000000000000  0.0000000000000000  0.0000000000000000
  0.0000000000000000  0.0000000000000000  0.0000000000000000  0.0000000000000000  0.0000000000000000  0.0000000000000000  0.0000453999297625  0.0000000000000000  0.0000000000000000  0.0000000000000000  0.0000000000000000  0.0000000000000000
  0.0000000000000000  0.0000000000000000  0.0000000000000000  0.0000000000000000  0.0000000000000000  0.0000000000000000  0.0000000000000000  0.0000453999297625  0.0000000000000000  0.0000000000000000  0.0000000000000000  0.0000000000000000
  0.0000000000000000  0.0000000000000000  0.0000000000000000  0.0000000000000000  0.0000000000000000  0.0000000000000000  0.0000000000000000  0.0000000000000000  0.0000453999297625  0.0000000000000000  0.0000000000000000  0.0000000000000000
  0.0000000000000000  0.0000000000000000  0.0000000000000000  0.0000000000000000  0.0000000000000000  0.0000000000000000  0.0000000000000000  0.0000000000000000  0.0000000000000000  0.0000453999297625  0.0000000000000000  0.0000000000000000
  0.0000000000000000  0.0000000000000000  0.0000000000000000  0.0000000000000000  0.0000000000000000  0.0000000000000000  0.0000000000000000  0.0000000000000000  0.0000000000000000  0.0000000000000000  0.0000453999297625  0.0000000000000000
  0.0000000000000000  0.0000000000000000  0.0000000000000000  0.0000000000000000  0.0000000000000000  0.0000000000000000  0.0000000000000000  0.0000000000000000  0.0000000000000000  0.0000000000000000  0.0000000000000000  0.0000453999297625



  0.0000453999297625  0.0000000000000000  0.0000000000000000  0.0000000000000000  0.0000000000000000  0.0000000000000000  0.0000000000000000  0.0000000000000000  0.0000000000000000  0.0000000000000000  0.0000000000000000  0.0000000000000000
  0.0000000000000000  0.0000453999297625  0.0000000000000000  0.0000000000000000  0.0000000000000000  0.0000000000000000  0.0000000000000000  0.0000000000000000  0.0000000000000000  0.0000000000000000  0.0000000000000000  0.0000000000000000
  0.0000000000000000  0.0000000000000000  0.0000453999297625  0.0000000000000000  0.0000000000000000  0.0000000000000000  0.0000000000000000  0.0000000000000000  0.0000000000000000  0.0000000000000000  0.0000000000000000  0.0000000000000000
  0.0000000000000000  0.0000000000000000  0.0000000000000000  0.0000453999297625  0.0000000000000000  0.0000000000000000  0.0000000000000000  0.0000000000000000  0.0000000000000000  0.0000000000000000  0.0000000000000000  0.0000000000000000
  0.0000000000000000  0.0000000000000000  0.0000000000000000  0.0000000000000000  0.0000453999297625  0.0000000000000000  0.0000000000000000  0.0000000000000000  0.0000000000000000  0.0000000000000000  0.0000000000000000  0.0000000000000000
  0.0000000000000000  0.0000000000000000  0.0000000000000000  0.0000000000000000  0.0000000000000000  0.0000453999297625  0.0000000000000000  0.0000000000000000  0.0000000000000000  0.0000000000000000  0.0000000000000000  0.0000000000000000
  0.0000000000000000  0.0000000000000000  0.0000000000000000  0.0000000000000000  0.0000000000000000  0.0000000000000000  0.0000453999297625  0.0000000000000000  0.0000000000000000  0.0000000000000000  0.0000000000000000  0.0000000000000000
  0.0000000000000000  0.0000000000000000  0.0000000000000000  0.0000000000000000  0.0000000000000000  0.0000000000000000  0.0000000000000000  0.0000453999297625  0.0000000000000000  0.0000000000000000  0.0000000000000000  0.0000000000000000
