
  0.3365343329239239 -0.1328459974842201 -0.1820468238317127  0.0305203818280383  0.1575651390537759 -0.2692753645610404  0.6587871434876004  0.0133541682263097 -0.2708956019591444 -0.3519186612496428  0.0110139656361751  0.9521387705232647
 -0.1328459974842201  0.0524930909515247  0.0718721793897278 -0.0120494478242551 -0.0622068253778209  0.1063100917504829 -0.2600895730350864 -0.0052721904721226  0.1069497266875490  0.1389377078299555 -0.0043482804057136 -0.3759049764794766
 -0.1820468238317127  0.0718721793897278  0.0985361464229073 -0.0165120972667246 -0.0852456992222666  0.1456830281499039 -0.3564162107940655 -0.0072248503241003  0.1465596025793568  0.1903946018872573 -0.0059587572102540 -0.5151249474408884
  0.0305203818280383 -0.0120494478242551 -0.0165120972667246  0.0028136821233656  0.0142915325750585 -0.0244239197009851  0.0597535843303171  0.0012112793245779 -0.0245708989467799 -0.0319198710568601  0.0009990154365442  0.0863612856183858
  0.1575651390537759 -0.0622068253778209 -0.0852456992222666  0.0142915325750585  0.0738272776135068 -0.1260916006086653  0.3084853939409328  0.0062532057935236 -0.1268502543534990 -0.1647903567951343  0.0051573804307057  0.4458509943233378
 -0.2692753645610404  0.1063100917504829  0.1456830281499039 -0.0244239197009851 -0.1260916006086653  0.2155331648064400 -0.5271947433726574 -0.0106866039098776  0.2167842980850472  0.2816230894023448 -0.0088138614980833 -0.7619495290139453
  0.6587871434876004 -0.2600895730350864 -0.3564162107940655  0.0597535843303171  0.3084853939409328 -0.5271947433726574  1.2898369732533690  0.0261450166673287 -0.5303667725807226 -0.6889960323789563  0.0215633146515060  1.8641234471429708
  0.0133541682263097 -0.0052721904721226 -0.0072248503241003  0.0012112793245779  0.0062532057935236 -0.0106866039098776  0.0261450166673287  0.0005754527995890 -0.0107509644900122 -0.0139664490863521  0.0004371726632855  0.0377871445844090
 -0.2708956019591444  0.1069497266875490  0.1465596025793568 -0.0245708989467799 -0.1268502543534990  0.2167842980850472 -0.5303667725807226 -0.0107509644900122  0.2181340827699623  0.2833175584546231 -0.0088669493903175 -0.7665340338669750
 -0.3519186612496428  0.1389377078299555  0.1903946018872573 -0.0319198710568601 -0.1647903567951343  0.2816230894023448 -0.6889960323789563 -0.0139664490863521  0.2833175584546231  0.3681014042139013 -0.0115189418815042 -0.9957993876027753
  0.0110139656361751 -0.0043482804057136 -0.0059587572102540  0.0009990154365442  0.0051573804307057 -0.0088138614980833  0.0215633146515060  0.0004371726632855 -0.0088669493903175 -0.0115189418815042  0.0004059683261328  0.0311652542785151
  0.9521387705232647 -0.3759049764794766 -0.5151249474408884  0.0863612856183858  0.4458509943233378 -0.7619495290139453  1.8641234471429708  0.0377871445844090 -0.7665340338669750 -0.9957993876027753  0.0311652542785151  2.6942452211291057



  0.0083754754275254 -0.0735614406520663  0.0041153863187051 -0.0596304822085767  0.0279394217422894  0.0480430485068144 -0.0119109067667727 -0.0831387477119894 -0.0413537409408496  0.0254310048811606  0.0920122494045535  0.0513547437225944
 -0.0735614406520663  0.6496615529546200 -0.0363436796405944  0.5265922089809907 -0.2467311236562964 -0.4242650236638638  0.1051830060557389  0.7341923920601043  0.3651911035512100 -0.2245784863875137 -0.8125528824788668 -0.4535106356943928
  0.0041153863187051 -0.0363436796405944  0.0020788184971291 -0.0294608618610445  0.0138037114144654  0.0237361072091170 -0.0058844351493338 -0.0410753757873625 -0.0204309995840561  0.0125642308024625  0.0454592626665350  0.0253723249644622
 -0.0596304822085767  0.5265922089809907 -0.0294608618610445  0.4269119135891304 -0.2000053240970152 -0.3439179445572652  0.0852636111716244  0.5951514705216708  0.2960314908833982 -0.1820480127293290 -0.6586721545503029 -0.3676250202678489
  0.0279394217422894 -0.2467311236562964  0.0138037114144654 -0.2000053240970152  0.0937565048839391  0.1611403677050479 -0.0399496310211352 -0.2788540802232806 -0.1387034697621835  0.0852973023426491  0.3086162316820553  0.1722481609848803
  0.0480430485068144 -0.4242650236638638  0.0237361072091170 -0.3439179445572652  0.1611403677050479  0.2771333541207588 -0.0686951223224239 -0.4795018550784014 -0.2385067007635768  0.1466724458977710  0.5306791691849480  0.2961882981691955
 -0.0119109067667727  0.1051830060557389 -0.0058844351493338  0.0852636111716244 -0.0399496310211352 -0.0686951223224239  0.0170764241617926  0.1188772773989111  0.0591303264549137 -0.0363629468858082 -0.1315652093661046 -0.0734303987119386
 -0.0831387477119894  0.7341923920601043 -0.0410753757873625  0.5951514705216708 -0.2788540802232806 -0.4795018550784014  0.1188772773989111  0.8298253774214744  0.4127368985021457 -0.2538173377488372 -0.9183425797091984 -0.5125550652748600
 -0.0413537409408496  0.3651911035512100 -0.0204309995840561  0.2960314908833982 -0.1387034697621835 -0.2385067007635768  0.0591303264549137  0.4127368985021457  0.2053429827068939 -0.1262501692703555 -0.4567884831747506 -0.2549475116525821
  0.0254310048811606 -0.2245784863875137  0.0125642308024625 -0.1820480127293290  0.0852973023426491  0.1466724458977710 -0.0363629468858082 -0.2538173377488372 -0.1262501692703555  0.0776844495168392  0.2809074083708323  0.1567828998972238
  0.0920122494045535 -0.8125528824788668  0.0454592626665350 -0.6586721545503029  0.3086162316820553  0.5306791691849480 -0.1315652093661046 -0.9183425797091984 -0.4567884831747506  0.2809074083708323  1.0164029638103047  0.5672601298858738
  0.0513547437225944 -0.4535106356943928  0.0253723249644622 -0.3676250202678489  0.1722481609848803  0.2961882981691955 -0.0734303987119386 -0.5125550652748600 -0.2549475116525821  0.1567828998972238  0.5672601298858738  0.3166506828101542



  0.0000455253236765 -0.0000011176959334  0.0000011969864841 -0.0000000067921617 -0.0000005302502394  0.0000014597861633  0.0000003298304580  0.0000010660384231 -0.0000006354823673 -0.0000007879942829 -0.0000031998952836  0.0000005388687229
 -0.0000011176959334  0.0000553624882287 -0.0000106693130709  0.0000000605417865  0.0000047263740114 -0.0000130117723128 -0.0000029399366358 -0.0000095021103682  0.0000056643583014  0.0000070237699539  0.0000285221972243 -0.0000048031946771
  0.0000011969864841 -0.0000106693130709  0.0000568261353692 -0.0000000648366859 -0.0000050616680634  0.0000139348414248  0.0000031484989004  0.0000101762002900 -0.0000060661939670 -0.0000075220437431 -0.0000305455925491  0.0000051439384697
 -0.0000000067921617  0.0000000605417865 -0.0000000648366859  0.0000454002976708  0.0000000287218516 -0.0000000790716505 -0.0000000178657939 -0.0000000577436749  0.0000000344219180  0.0000000426829697  0.0000001733274419 -0.0000000291886856
 -0.0000005302502394  0.0000047263740114 -0.0000050616680634  0.0000000287218516  0.0000476421862443 -0.0000061729627696 -0.0000013947461546 -0.0000045079311354  0.0000026872490594  0.0000033321725423  0.0000135313205104 -0.0000022787012564
  0.0000014597861633 -0.0000130117723128  0.0000139348414248 -0.0000000790716505 -0.0000061729627696  0.0000623941807167  0.0000038397552445  0.0000124103960867 -0.0000073980334234 -0.0000091735165949 -0.0000372519104809  0.0000062732957327
  0.0000003298304580 -0.0000029399366358  0.0000031484989004 -0.0000000178657939 -0.0000013947461546  0.0000038397552445  0.0000462675008239  0.0000028040590661 -0.0000016715439659 -0.0000020727043840 -0.0000084168592675  0.0000014174158223
  0.0000010660384231 -0.0000095021103682  0.0000101762002900 -0.0000000577436749 -0.0000045079311354  0.0000124103960867  0.0000028040590661  0.0000544628729568 -0.0000054025638020 -0.0000066991463618 -0.0000272039624047  0.0000045812013146
 -0.0000006354823673  0.0000056643583014 -0.0000060661939670  0.0000000344219180  0.0000026872490594 -0.0000073980334234 -0.0000016715439659 -0.0000054025638020  0.0000486204835063  0.0000039934671180  0.0000162167123204 -0.0000027309265722
 -0.0000007879942829  0.0000070237699539 -0.0000075220437431  0.0000000426829697  0.0000033321725423 -0.0000091735165949 -0.0000020727043840 -0.0000066991463618  0.0000039934671180  0.0000503518047786  0.0000201086249644 -0.0000033863323935
 -0.0000031998952836  0.0000285221972243 -0.0000305455925491  0.0000001733274419  0.0000135313205104 -0.0000372519104809 -0.0000084168592675 -0.0000272039624047  0.0000162167123204  0.0000201086249644  0.0001270572407093 -0.0000137512533906
  0.0000005388687229 -0.0000048031946771  0.0000051439384697 -0.0000000291886856 -0.0000022787012564  0.0000062732957327  0.0000014174158223  0.0000045812013146 -0.0000027309265722 -0.0000033863323935 -0.0000137512533906  0.0000477156681528



  0.0000453999297625  0.0000000000000000  0.0000000000000000  0.0000000000000000  0.0000000000000000  0.0000000000000000  0.0000000000000000  0.0000000000000000  0.0000000000000000  0.0000000000000000  0.0000000000000000  0.0000000000000000
  0.0000000000000000  0.0000453999297625  0.0000000000000000  0.0000000000000000  0.0000000000000000  0.0000000000000000  0.0000000000000000  0.0000000000000000  0.0000000000000000  0.0000000000000000  0.0000000000000000  0.0000000000000000
  0.0000000000000000  0.0000000000000000  0.0000453999297625  0.0000000000000000  0.0000000000000000  0.0000000000000000  0.0000000000000000  0.0000000000000000  0.0000000000000000  0.0000000000000000  0.0000000000000000  0.0000000000000000
  0.0000000000000000  0.0000000000000000  0.0000000000000000  0.0000453999297625  0.0000000000000000  0.0000000000000000  0.0000000000000000  0.0000000000000000  0.0000000000000000  0.0000000000000000  0.0000000000000000  0.0000000000000000
  0.0000000000000000  0.0000000000000000  0.0000000000000000  0.0000000000000000  0.0000453999297625  0.0000000000000000  0.0000000000000000  0.0000000000000000  0.0000000000000000  0.0000000000000000  0.0000000000000000  0.0000000000000000
  0.0000000000000000  0.0000000000000000  0.0000000000000000  0.0000000000000000  0.0000000000000000  0.0000453999297625  0.0000000000000000  0.0000000000000000  0.0000000000000000  0.0000000000000000  0.0000000000000000  0.0000000000000000
  0.0000000000000000  0.0000000000000000  0.0000000000000000  0.0000000000000000  0.0000000000000000  0.0000000000000000  0.0000453999297625  0.0000000000000000  0.0000000000000000  0.0000000000000000  0.0000000000000000  0.0000000000000000
  0.0000000000000000  0.0000000000000000  0.0000000000000000  0.0000000000000000  0.0000000000000000  0.0000000000000000  0.0000000000000000  0.0000453999297625  0.0000000000000000  0.0000000000000000  0.0000000000000000  0.0000000000000000
  0.0000000000000000  0.0000000000000000  0.0000000000000000  0.0000000000000000  0.0000000000000000  0.0000000000000000  0.0000000000000000  0.0000000000000000  0.0000453999297625  0.0000000000000000  0.0000000000000000  0.0000000000000000
  0.0000000000000000  0.0000000000000000  0.0000000000000000  0.0000000000000000  0.0000000000000000  0.0000000000000000  0.0000000000000000  0.0000000000000000  0.0000000000000000  0.0000453999297625  0.0000000000000000  0.0000000000000000
  0.0000000000000000  0.0000000000000000  0.0000000000000000  0.0000000000000000  0.0000000000000000  0.0000000000000000  0.0000000000000000  0.0000000000000000  0.0000000000000000  0.0000000000000000  0.0000453999297625  0.0000000000000000
  0.0000000000000000  0.0000000000000000  0.0000000000000000  0.0000000000000000  0.0000000000000000  0.0000000000000000  0.0000000000000000  0.0000000000000000  0.0000000000000000  0.0000000000000000  0.0000000000000000  0.0000453999297625



  0.0000507894486481 -0.0000085129404526  0.0000049184836679  0.0000047619539875 -0.0000169468838196  0.0000139723537679 -0.0000043043107440  0.0000079480905591  0.0000168350972118 -0.0000176151161756 -0.0000130167849292 -0.0000029676391832
 -0.0000085129404526  0.0000588464278058 -0.0000077689232509 -0.0000075216789464  0.0000267682173261 -0.0000220698392812  0.0000067988148535 -0.0000125542971604 -0.0000265916463268  0.0000278237145562  0.0000205604836607  0.0000046874936683
  0.0000049184836679 -0.0000077689232509  0.0000498885459274  0.0000043457669249 -0.0000154657536335  0.0000127511926885 -0.0000039281209594  0.0000072534403228  0.0000153637369941 -0.0000160755835643 -0.0000118791390180 -0.0000027082723272
  0.0000047619539875 -0.0000075216789464  0.0000043457669249  0.0000496073935936 -0.0000149735593644  0.0000123453887352 -0.0000038031093583  0.0000070226011512  0.0000148747893825 -0.0000155639815894 -0.0000115010879844 -0.0000026220821453
 -0.0000169468838196  0.0000267682173261 -0.0000154657536335 -0.0000149735593644  0.0000986879647965 -0.0000439348782358  0.0000135345391025 -0.0000249920948698 -0.0000529365315519  0.0000553892348521  0.0000409301732827  0.0000093314890481
  0.0000139723537679 -0.0000220698392812  0.0000127511926885  0.0000123453887352 -0.0000439348782358  0.0000816233244582 -0.0000111589464139  0.0000206054632013  0.0000436450709146 -0.0000456672738495 -0.0000337460778615 -0.0000076936189301
 -0.0000043043107440  0.0000067988148535 -0.0000039281209594 -0.0000038031093583  0.0000135345391025 -0.0000111589464139  0.0000488375447656 -0.0000063477004745 -0.0000134452613196  0.0000140682193383  0.0000103957864165  0.0000023700893329
  0.0000079480905591 -0.0000125542971604  0.0000072534403228  0.0000070226011512 -0.0000249920948698  0.0000206054632013 -0.0000063477004745  0.0000571212252762  0.0000248272396942 -0.0000259775578383 -0.0000191962562152 -0.0000043764694911
  0.0000168350972118 -0.0000265916463268  0.0000153637369941  0.0000148747893825 -0.0000529365315519  0.0000436450709146 -0.0000134452613196  0.0000248272396942  0.0000979872764523 -0.0000550238712408 -0.0000406601858752 -0.0000092699358140
 -0.0000176151161756  0.0000278237145562 -0.0000160755835643 -0.0000155639815894  0.0000553892348521 -0.0000456672738495  0.0000140682193383 -0.0000259775578383 -0.0000550238712408  0.0001029732168154  0.0000425440904144  0.0000096994388717
 -0.0000130167849292  0.0000205604836607 -0.0000118791390180 -0.0000115010879844  0.0000409301732827 -0.0000337460778615  0.0000103957864165 -0.0000191962562152 -0.0000406601858752  0.0000425440904144  0.0000768381144109  0.0000071674525713
 -0.0000029676391832  0.0000046874936683 -0.0000027082723272 -0.0000026220821453  0.0000093314890481 -0.0000076936189301  0.0000023700893329 -0.0000043764694911 -0.0000092699358140  0.0000096994388717  0.0000071674525713  0.0000470340055508



  0.4693865031148929  0.1134495543434486  0.2317025723753182  0.1452288673934701  0.3030909096102948 -0.7873483202104030  0.6052736501157499 -0.3017314092647316 -0.0864694738294741 -1.0753148997259716 -0.2926349278057652 -0.4786791022481388
  0.1134495543434486  0.0274685284338568  0.0560073535893224  0.0351048537052482  0.0732634088649174 -0.1903185477470578  0.1463072936285154 -0.0729347883930882 -0.0209014787570569 -0.2599260869315614 -0.0707359791143101 -0.1157067447706208
  0.2317025723753182  0.0560073535893224  0.1144315714079061  0.0716959356016668  0.1496286734998514 -0.3886949342034295  0.2988090761861015 -0.1489576104351687 -0.0426879687528761 -0.5308574106919786 -0.1444668478326349 -0.2363124248564943
  0.1452288673934701  0.0351048537052482  0.0716959356016668  0.0449838878853408  0.0937859674339064 -0.2436305551451517  0.1872908441589146 -0.0933652003187404 -0.0267563266525025 -0.3327362358854280 -0.0905505114283454 -0.1481184389521503
  0.3030909096102948  0.0732634088649174  0.1496286734998514  0.0937859674339064  0.1957754636480129 -0.5084537783905851  0.3908735698788968 -0.1948520237187726 -0.0558401765303215 -0.6944164872886693 -0.1889777532473869 -0.3091213083612013
 -0.7873483202104030 -0.1903185477470578 -0.3886949342034295 -0.2436305551451517 -0.5084537783905851  1.3208708534349503 -1.0153838747700410  0.5061729135615873  0.1450577170165042  1.8039064485823926  0.4909131222988489  0.8030136182954424
  0.6052736501157499  0.1463072936285154  0.2988090761861015  0.1872908441589146  0.3908735698788968 -1.0153838747700410  0.7806212289633703 -0.3891201804270648 -0.1115130624311383 -1.3867522175005755 -0.3773892108168971 -0.6173163146530998
 -0.3017314092647316 -0.0729347883930882 -0.1489576104351687 -0.0933652003187404 -0.1948520237187726  0.5061729135615873 -0.3891201804270648  0.1940233978631682  0.0555897417697435  0.6913016680935595  0.1881300379769225  0.3077346779178582
 -0.0864694738294741 -0.0209014787570569 -0.0426879687528761 -0.0267563266525025 -0.0558401765303215  0.1450577170165042 -0.1115130624311383  0.0555897417697435  0.0159761951730539  0.1981115723262791  0.0539138262988189  0.0881898320292147
 -1.0753148997259716 -0.2599260869315614 -0.5308574106919786 -0.3327362358854280 -0.6944164872886693  1.8039064485823926 -1.3867522175005755  0.6913016680935595  0.1981115723262791  2.4637165740083136  0.6704605974288871  1.0967093879783305
 -0.2926349278057652 -0.0707359791143101 -0.1444668478326349 -0.0905505114283454 -0.1889777532473869  0.4909131222988489 -0.3773892108168971  0.1881300379769225  0.0539138262988189  0.6704605974288871  0.1825037997982555  0.2984572542221414
 -0.4786791022481388 -0.1157067447706208 -0.2363124248564943 -0.1481184389521503 -0.3091213083612013  0.8030136182954424 -0.6173163146530998  0.3077346779178582  0.0881898320292147  1.0967093879783305  0.2984572542221414  0.4882483769610966



  0.0000453999297625  0.0000000000000000  0.0000000000000000  0.0000000000000000  0.0000000000000000  0.0000000000000000  0.0000000000000000  0.0000000000000000  0.0000000000000000  0.0000000000000000  0.0000000000000000  0.0000000000000000
  0.0000000000000000  0.0000453999297625  0.0000000000000000  0.0000000000000000  0.0000000000000000  0.0000000000000000  0.0000000000000000  0.0000000000000000  0.0000000000000000  0.0000000000000000  0.0000000000000000  0.0000000000000000
  0.0000000000000000  0.0000000000000000  0.0000453999297625  0.0000000000000000  0.0000000000000000  0.0000000000000000  0.0000000000000000  0.0000000000000000  0.0000000000000000  0.0000000000000000  0.0000000000000000  0.0000000000000000
  0.0000000000000000  0.0000000000000000  0.0000000000000000  0.0000453999297625  0.0000000000000000  0.0000000000000000  0.0000000000000000  0.0000000000000000  0.0000000000000000  0.0000000000000000  0.0000000000000000  0.0000000000000000
  0.0000000000000000  0.0000000000000000  0.0000000000000000  0.0000000000000000  0.0000453999297625  0.0000000000000000  0.0000000000000000  0.0000000000000000  0.0000000000000000  0.0000000000000000  0.0000000000000000  0.0000000000000000
  0.0000000000000000  0.0000000000000000  0.0000000000000000  0.0000000000000000  0.0000000000000000  0.0000453999297625  0.0000000000000000  0.0000000000000000  0.0000000000000000  0.0000000000000000  0.0000000000000000  0.0000000000000000
  0.0000000000000000  0.0000000000000000  0.0000000000000000  0.0000000000000000  0.0000000000000000  0.0000000000000000  0.0000453999297625  0.0000000000000000  0.0000000000000000  0.0000000000000000  0.0000000000000000  0.0000000000000000
  0.0000000000000000  0.0000000000000000  0.0000000000000000  0.0000000000000000  0.0000000000000000  0.0000000000000000  0.0000000000000000  0.0000453999297625  0.0000000000000000  0.0000000000000000  0.0000000000000000  0.0000000000000000
  0.0000000000000000  0.0000000000000000  0.0000000000000000  0.0000000000000000  0.0000000000000000  0.0000000000000000  0.0000000000000000  0.0000000000000000  0.0000453999297625  0.0000000000000000  0.0000000000000000  0.0000000000000000
  0.0000000000000000  0.0000000000000000  0.0000000000000000  0.0000000000000000  0.0000000000000000  0.0000000000000000  0.0000000000000000  0.0000000000000000  0.0000000000000000  0.0000453999297625  0.0000000000000000  0.0000000000000000
  0.0000000000000000  0.0000000000000000  0.0000000000000000  0.0000000000000000  0.0000000000000000  0.0000000000000000  0.0000000000000000  0.0000000000000000  0.0000000000000000  0.0000000000000000  0.0000453999297625  0.0000000000000000
  0.0000000000000000  0.0000000000000000  0.0000000000000000  0.0000000000000000  0.0000000000000000  0.0000000000000000  0.0000000000000000  0.0000000000000000  0.0000000000000000  0.0000000000000000  0.0000000000000000  0.0000453999297625



  0.0170004820268082 -0.1562167781584982 -0.0426843355480495 -0.0792310899965844  0.1171192146126828 -0.0463956672250934 -0.1827801422001074  0.0199159684237259 -0.0115056687579108  0.2197458349088282  0.0328428499265571 -0.1628387818237547
 -0.1562167781584982  1.4393604267292166  0.3932753108424685  0.7300015076657884 -1.0790867181121098  0.4274699410976037  1.6840586273782594 -0.1834973366594922  0.1060085387960359 -2.0246447434038912 -0.3026000045108402  1.5003267260171356
 -0.0426843355480495  0.3932753108424685  0.1075030918193559  0.1994640275672619 -0.2948473098738241  0.1168009584216400  0.4601485196836066 -0.0501384124919318  0.0289655394882967 -0.5532095312970521 -0.0826817688555886  0.4099460257519601
 -0.0792310899965844  0.7300015076657884  0.1994640275672619  0.3702924973288937 -0.5472984810292610  0.2168070911024445  0.8541322149988153 -0.0930674128318115  0.0537661121871560 -1.0268729846942244 -0.1534747165959859  0.7609458777054027
  0.1171192146126828 -1.0790867181121098 -0.2948473098738241 -0.5472984810292610  0.8090608861858594 -0.3204837901069205 -1.2625764792097625  0.1375720654017143 -0.0794769808735371  1.5179215182596560  0.2268660005534667 -1.1248285408762786
 -0.0463956672250934  0.4274699410976037  0.1168009584216400  0.2168070911024445 -0.3204837901069205  0.1270020062779494  0.5001576635152705 -0.0544978635137313  0.0314840445209048 -0.6013101744397539 -0.0898708103666892  0.4455901472955639
 -0.1827801422001074  1.6840586273782594  0.4601485196836066  0.8541322149988153 -1.2625764792097625  0.5001576635152705  1.9704642521457945 -0.2146995415151864  0.1240344201212116 -2.3689188140299010 -0.3540546270014746  1.7554448374846898
  0.0199159684237259 -0.1834973366594922 -0.0501384124919318 -0.0930674128318115  0.1375720654017143 -0.0544978635137313 -0.2146995415151864  0.0234393591688601 -0.0135149691004833  0.2581206404463894  0.0385782747798109 -0.1912756480522926
 -0.0115056687579108  0.1060085387960359  0.0289655394882967  0.0537661121871560 -0.0794769808735371  0.0314840445209048  0.1240344201212116 -0.0135149691004833  0.0078531772416728 -0.1491192838879589 -0.0222871093259966  0.1105020853021968
  0.2197458349088282 -2.0246447434038912 -0.5532095312970521 -1.0268729846942244  1.5179215182596560 -0.6013101744397539 -2.3689188140299010  0.2581206404463894 -0.1491192838879589  2.8480573092184720  0.4256590798972019 -2.1104682282705500
  0.0328428499265571 -0.3026000045108402 -0.0826817688555886 -0.1534747165959859  0.2268660005534667 -0.0898708103666892 -0.3540546270014746  0.0385782747798109 -0.0222871093259966  0.4256590798972019  0.0636636941398501 -0.3154270659634922
 -0.1628387818237547  1.5003267260171356  0.4099460257519601  0.7609458777054027 -1.1248285408762786  0.4455901472955639  1.7554448374846898 -0.1912756480522926  0.1105020853021968 -2.1104682282705500 -0.3154270659634922  1.5639703706557575



  0.0000453999297625  0.0000000000000000  0.0000000000000000  0.0000000000000000  0.0000000000000000  0.0000000000000000  0.0000000000000000  0.0000000000000000  0.0000000000000000  0.0000000000000000  0.0000000000000000  0.0000000000000000
  0.0000000000000000  0.0000453999297625  0.0000000000000000  0.0000000000000000  0.0000000000000000  0.0000000000000000  0.0000000000000000  0.0000000000000000  0.0000000000000000  0.0000000000000000  0.0000000000000000  0.0000000000000000
  0.0000000000000000  0.0000000000000000  0.0000453999297625  0.0000000000000000  0.0000000000000000  0.0000000000000000  0.0000000000000000  0.0000000000000000  0.0000000000000000  0.0000000000000000  0.0000000000000000  0.0000000000000000
  0.0000000000000000  0.0000000000000000  0.0000000000000000  0.0000453999297625  0.0000000000000000  0.0000000000000000  0.0000000000000000  0.0000000000000000  0.0000000000000000  0.0000000000000000  0.0000000000000000  0.0000000000000000
  0.0000000000000000  0.0000000000000000  0.0000000000000000  0.0000000000000000  0.0000453999297625  0.0000000000000000  0.0000000000000000  0.0000000000000000  0.0000000000000000  0.0000000000000000  0.0000000000000000  0.0000000000000000
  0.0000000000000000  0.0000000000000000  0.0000000000000000  0.0000000000000000  0.0000000000000000  0.0000453999297625  0.0000000000000000  0.0000000000000000  0.0000000000000000  0.0000000000000000  0.0000000000000000  0.0000000000000000
  0.0000000000000000  0.0000000000000000  0.0000000000000000  0.0000000000000000  0.0000000000000000  0.0000000000000000  0.0000453999297625  0.0000000000000000  0.0000000000000000  0.0000000000000000  0.0000000000000000  0.0000000000000000
  0.0000000000000000  0.0000000000000000  0.0000000000000000  0.0000000000000000  0.0000000000000000  0.0000000000000000  0.0000000000000000  0.0000453999297625  0.0000000000000000  0.0000000000000000  0.0000000000000000  0.0000000000000000
  0.0000000000000000  0.0000000000000000  0.0000000000000000  0.0000000000000000  0.0000000000000000  0.0000000000000000  0.0000000000000000  0.0000000000000000  0.0000453999297625  0.0000000000000000  0.0000000000000000  0.0000000000000000
  0.0000000000000000  0.0000000000000000  0.0000000000000000  0.0000000000000000  0.0000000000000000  0.0000000000000000  0.0000000000000000  0.0000000000000000  0.0000000000000000  0.0000453999297625  0.0000000000000000  0.0000000000000000
  0.0000000000000000  0.0000000000000000  0.0000000000000000  0.0000000000000000  0.0000000000000000  0.0000000000000000  0.0000000000000000  0.0000000000000000  0.0000000000000000  0.0000000000000000  0.0000453999297625  0.0000000000000000
  0.0000000000000000  0.0000000000000000  0.0000000000000000  0.0000000000000000  0.0000000000000000  0.0000000000000000  0.0000000000000000  0.0000000000000000  0.0000000000000000  0.0000000000000000  0.0000000000000000  0.0000453999297625



  0.0000960130479926 -0.0000027386154412 -0.0000451682141117  0.0000423475883442  0.0000743260774169 -0.0000540031494407 -0.0000125160396144 -0.0000113105051846 -0.0000421326993458  0.0000635216292499 -0.0000123560038104 -0.0000430582121659
 -0.0000027386154412  0.0000455481129766  0.0000024439981757 -0.0000022913774807 -0.0000040216953711  0.0000029220459854  0.0000006772279707  0.0000006119979410  0.0000022797500934 -0.0000034370795715  0.0000006685686243  0.0000023298284878
 -0.0000451682141117  0.0000024439981757  0.0000857089966088 -0.0000377918809260 -0.0000663301589834  0.0000481935494580  0.0000111695777084  0.0000100937333591  0.0000376001094519 -0.0000566880415792  0.0000110267583818  0.0000384260566112
  0.0000423475883442 -0.0000022913774807 -0.0000377918809260  0.0000808318158284  0.0000621880302925 -0.0000451840001521 -0.0000104720695311 -0.0000094634085840 -0.0000352520901719  0.0000531480355389 -0.0000103381688629 -0.0000360264592936
  0.0000743260774169 -0.0000040216953711 -0.0000663301589834  0.0000621880302925  0.0001545488219343 -0.0000793043860257 -0.0000183799805636 -0.0000166096362637 -0.0000618724627699  0.0000932824077704 -0.0000181449657300 -0.0000632315913895
 -0.0000540031494407  0.0000029220459854  0.0000481935494580 -0.0000451840001521 -0.0000793043860257  0.0001030201723300  0.0000133543551818  0.0000120680749002  0.0000449547180391 -0.0000677762634877  0.0000131836002917  0.0000459422210597
 -0.0000125160396144  0.0000006772279707  0.0000111695777084 -0.0000104720695311 -0.0000183799805636  0.0000133543551818  0.0000484950018131  0.0000027969573087  0.0000104189299635 -0.0000157081653110  0.0000030554970445  0.0000106477985953
 -0.0000113105051846  0.0000006119979410  0.0000100937333591 -0.0000094634085840 -0.0000166096362637  0.0000120680749002  0.0000027969573087  0.0000479274864909  0.0000094153873750 -0.0000141951680135  0.0000027611941340  0.0000096222115723
 -0.0000421326993458  0.0000022797500934  0.0000376001094519 -0.0000352520901719 -0.0000618724627699  0.0000449547180391  0.0000104189299635  0.0000094153873750  0.0000804731363983 -0.0000528783406502  0.0000102857087622  0.0000358436462916
  0.0000635216292499 -0.0000034370795715 -0.0000566880415792  0.0000531480355389  0.0000932824077704 -0.0000677762634877 -0.0000157081653110 -0.0000141951680135 -0.0000528783406502  0.0001251222927319 -0.0000155073135286 -0.0000540398988446
 -0.0000123560038104  0.0000006685686243  0.0000110267583818 -0.0000103381688629 -0.0000181449657300  0.0000131836002917  0.0000030554970445  0.0000027611941340  0.0000102857087622 -0.0000155073135286  0.0000484163578250  0.0000105116509750
 -0.0000430582121659  0.0000023298284878  0.0000384260566112 -0.0000360264592936 -0.0000632315913895  0.0000459422210597  0.0000106477985953  0.0000096222115723  0.0000358436462916 -0.0000540398988446  0.0000105116509750  0.0000820309396619



  0.0000453999297625  0.0000000000000000  0.0000000000000000  0.0000000000000000  0.0000000000000000  0.0000000000000000  0.0000000000000000  0.0000000000000000  0.0000000000000000  0.0000000000000000  0.0000000000000000  0.0000000000000000
  0.0000000000000000  0.0000453999297625  0.0000000000000000  0.0000000000000000  0.0000000000000000  0.0000000000000000  0.0000000000000000  0.0000000000000000  0.0000000000000000  0.0000000000000000  0.0000000000000000  0.0000000000000000
  0.0000000000000000  0.0000000000000000  0.0000453999297625  0.0000000000000000  0.0000000000000000  0.0000000000000000  0.0000000000000000  0.0000000000000000  0.0000000000000000  0.0000000000000000  0.0000000000000000  0.0000000000000000
  0.0000000000000000  0.0000000000000000  0.0000000000000000  0.0000453999297625  0.0000000000000000  0.0000000000000000  0.0000000000000000  0.0000000000000000  0.0000000000000000  0.0000000000000000  0.0000000000000000  0.0000000000000000
  0.0000000000000000  0.0000000000000000  0.0000000000000000  0.0000000000000000  0.0000453999297625  0.0000000000000000  0.0000000000000000  0.0000000000000000  0.0000000000000000  0.0000000000000000  0.0000000000000000  0.0000000000000000
  0.0000000000000000  0.0000000000000000  0.0000000000000000  0.0000000000000000  0.0000000000000000  0.0000453999297625  0.0000000000000000  0.0000000000000000  0.0000000000000000  0.0000000000000000  0.0000000000000000  0.0000000000000000
  0.0000000000000000  0.0000000000000000  0.0000000000000000  0.0000000000000000  0.0000000000000000  0.0000000000000000  0.0000453999297625  0.0000000000000000  0.0000000000000000  0.0000000000000000  0.0000000000000000  0.0000000000000000
  0.0000000000000000  0.0000000000000000  0.0000000000000000  0.0000000000000000  0.0000000000000000  0.0000000000000000  0.0000000000000000  0.0000453999297625  0.0000000000000000  0.0000000000000000  0.0000000000000000  0.0000000000000000
  0.0000000000000000  0.0000000000000000  0.0000000000000000  0.0000000000000000  0.0000000000000000  0.0000000000000000  0.0000000000000000  0.0000000000000000  0.0000453999297625  0.0000000000000000  0.0000000000000000  0.0000000000000000
  0.0000000000000000  0.0000000000000000  0.0000000000000000  0.0000000000000000  0.0000000000000000  0.0000000000000000  0.0000000000000000  0.0000000000000000  0.0000000000000000  0.0000453999297625  0.0000000000000000  0.0000000000000000
  0.0000000000000000  0.0000000000000000  0.0000000000000000  0.0000000000000000  0.0000000000000000  0.0000000000000000  0.0000000000000000  0.0000000000000000  0.0000000000000000  0.0000000000000000  0.0000453999297625  0.0000000000000000
  0.0000000000000000  0.0000000000000000  0.0000000000000000  0.0000000000000000  0.0000000000000000  0.0000000000000000  0.0000000000000000  0.0000000000000000  0.0000000000000000  0.0000000000000000  0.0000000000000000  0.0000453999297625



  0.0000457775726172  0.0000039713889762 -0.0000002669008983  0.0000042846198763  0.0000003046957850 -0.0000041141080282 -0.0000037983771044  0.0000004336778395 -0.0000016600909344  0.0000012421136622 -0.0000003203464508 -0.0000040088369521
  0.0000039713889762  0.0000871640733268 -0.0000028067982010  0.0000450581599295  0.0000032042589085 -0.0000432650136656 -0.0000399447064106  0.0000045606672268 -0.0000174579414226  0.0000130623853821 -0.0000033688453190 -0.0000421579560687
 -0.0000002669008983 -0.0000028067982010  0.0000455885632521 -0.0000030281756415 -0.0000002153452070  0.0000029076655753  0.0000026845212310 -0.0000003065038925  0.0000011732772277 -0.0000008778697864  0.0000002264063901  0.0000028332647375
  0.0000042846198763  0.0000450581599295 -0.0000030281756415  0.0000940119113086  0.0000034569848208 -0.0000466774064718 -0.0000430952203537  0.0000049203756081 -0.0000188348820191  0.0000140926402263 -0.0000036345524703 -0.0000454830331650
  0.0000003046957850  0.0000032042589085 -0.0000002153452070  0.0000034569848208  0.0000456457692381 -0.0000033194097528 -0.0000030646667318  0.0000003499068182 -0.0000013394208418  0.0000010021818037 -0.0000002584669935 -0.0000032344732771
 -0.0000041141080282 -0.0000432650136656  0.0000029076655753 -0.0000466774064718 -0.0000033194097528  0.0000902197500133  0.0000413801917441 -0.0000047245630594  0.0000180853241504 -0.0000135318058466  0.0000034899108739  0.0000436729785352
 -0.0000037983771044 -0.0000399447064106  0.0000026845212310 -0.0000430952203537 -0.0000030646667318  0.0000413801917441  0.0000836044620252 -0.0000043619836985  0.0000166973936287 -0.0000124933281179  0.0000032220830054  0.0000403213626406
  0.0000004336778395  0.0000045606672268 -0.0000003065038925  0.0000049203756081  0.0000003499068182 -0.0000047245630594 -0.0000043619836985  0.0000458979571079 -0.0000019064167130  0.0000014264195990 -0.0000003678797439 -0.0000046036717668
 -0.0000016600909344 -0.0000174579414226  0.0000011732772277 -0.0000188348820191 -0.0000013394208418  0.0000180853241504  0.0000166973936287 -0.0000019064167130  0.0000526975705784 -0.0000054602426718  0.0000014082200477  0.0000176225600415
  0.0000012421136622  0.0000130623853821 -0.0000008778697864  0.0000140926402263  0.0000010021818037 -0.0000135318058466 -0.0000124933281179  0.0000014264195990 -0.0000054602426718  0.0000494853939265 -0.0000010536587631 -0.0000131855563671
 -0.0000003203464508 -0.0000033688453190  0.0000002264063901 -0.0000036345524703 -0.0000002584669935  0.0000034899108739  0.0000032220830054 -0.0000003678797439  0.0000014082200477 -0.0000010536587631  0.0000456716728851  0.0000034006116453
 -0.0000040088369521 -0.0000421579560687  0.0000028332647375 -0.0000454830331650 -0.0000032344732771  0.0000436729785352  0.0000403213626406 -0.0000046036717668  0.0000176225600415 -0.0000131855563671  0.0000034006116453  0.0000879554117671



  0.0000453999297625  0.0000000000000000  0.0000000000000000  0.0000000000000000  0.0000000000000000  0.0000000000000000  0.0000000000000000  0.0000000000000000  0.0000000000000000  0.0000000000000000  0.0000000000000000  0.0000000000000000
  0.0000000000000000  0.0000453999297625  0.0000000000000000  0.0000000000000000  0.0000000000000000  0.0000000000000000  0.0000000000000000  0.0000000000000000  0.0000000000000000  0.0000000000000000  0.0000000000000000  0.0000000000000000
  0.0000000000000000  0.0000000000000000  0.0000453999297625  0.0000000000000000  0.0000000000000000  0.0000000000000000  0.0000000000000000  0.0000000000000000  0.0000000000000000  0.0000000000000000  0.0000000000000000  0.0000000000000000
  0.0000000000000000  0.0000000000000000  0.0000000000000000  0.0000453999297625  0.0000000000000000  0.0000000000000000  0.0000000000000000  0.0000000000000000  0.0000000000000000  0.0000000000000000  0.0000000000000000  0.0000000000000000
  0.0000000000000000  0.0000000000000000  0.0000000000000000  0.0000000000000000  0.0000453999297625  0.0000000000000000  0.0000000000000000  0.0000000000000000  0.0000000000000000  0.0000000000000000  0.0000000000000000  0.0000000000000000
  0.0000000000000000  0.0000000000000000  0.0000000000000000  0.0000000000000000  0.0000000000000000  0.0000453999297625  0.0000000000000000  0.0000000000000000  0.0000000000000000  0.0000000000000000  0.0000000000000000  0.0000000000000000
  0.0000000000000000  0.0000000000000000  0.0000000000000000  0.0000000000000000  0.0000000000000000  0.0000000000000000  0.0000453999297625  0.0000000000000000  0.0000000000000000  0.0000000000000000  0.0000000000000000  0.0000000000000000
  0.0000000000000000  0.0000000000000000  0.0000000000000000  0.0000000000000000  0.0000000000000000  0.0000000000000000  0.0000000000000000  0.0000453999297625  0.0000000000000000  0.0000000000000000  0.0000000000000000  0.0000000000000000
  0.0000000000000000  0.0000000000000000  0.0000000000000000  0.0000000000000000  0.0000000000000000  0.0000000000000000  0.0000000000000000  0.0000000000000000  0.0000453999297625  0.0000000000000000  0.0000000000000000  0.0000000000000000
  0.0000000000000000  0.0000000000000000  0.0000000000000000  0.0000000000000000  0.0000000000000000  0.0000000000000000  0.0000000000000000  0.0000000000000000  0.0000000000000000  0.0000453999297625  0.0000000000000000  0.0000000000000000
  0.0000000000000000  0.0000000000000000  0.0000000000000000  0.0000000000000000  0.0000000000000000  0.0000000000000000  0.0000000000000000  0.0000000000000000  0.0000000000000000  0.0000000000000000  0.0000453999297625  0.0000000000000000
  0.0000000000000000  0.0000000000000000  0.0000000000000000  0.0000000000000000  0.0000000000000000  0.0000000000000000  0.0000000000000000  0.0000000000000000  0.0000000000000000  0.0000000000000000  0.0000000000000000  0.0000453999297625



  0.0000453999297625  0.0000000000000000  0.0000000000000000  0.0000000000000000  0.0000000000000000  0.0000000000000000  0.0000000000000000  0.0000000000000000  0.0000000000000000  0.0000000000000000  0.0000000000000000  0.0000000000000000
  0.0000000000000000  0.0000453999297625  0.0000000000000000  0.0000000000000000  0.0000000000000000  0.0000000000000000  0.0000000000000000  0.0000000000000000  0.0000000000000000  0.0000000000000000  0.0000000000000000  0.0000000000000000
  0.0000000000000000  0.0000000000000000  0.0000453999297625  0.0000000000000000  0.0000000000000000  0.0000000000000000  0.0000000000000000  0.0000000000000000  0.0000000000000000  0.0000000000000000  0.0000000000000000  0.0000000000000000
  0.0000000000000000  0.0000000000000000  0.0000000000000000  0.0000453999297625  0.0000000000000000  0.0000000000000000  0.0000000000000000  0.0000000000000000  0.0000000000000000  0.0000000000000000  0.0000000000000000  0.0000000000000000
  0.0000000000000000  0.0000000000000000  0.0000000000000000  0.0000000000000000  0.0000453999297625  0.0000000000000000  0.0000000000000000  0.0000000000000000  0.0000000000000000  0.0000000000000000  0.0000000000000000  0.0000000000000000
  0.0000000000000000  0.0000000000000000  0.0000000000000000  0.0000000000000000  0.0000000000000000  0.0000453999297625  0.0000000000000000  0.0000000000000000  0.0000000000000000  0.0000000000000000  0.0000000000000000  0.0000000000000000
  0.0000000000000000  0.0000000000000000  0.0000000000000000  0.0000000000000000  0.0000000000000000  0.0000000000000000  0.0000453999297625  0.0000000000000000  0.0000000000000000  0.0000000000000000  0.0000000000000000  0.0000000000000000
  0.0000000000000000  0.0000000000000000  0.0000000000000000  0.0000000000000000  0.0000000000000000  0.0000000000000000  0.0000000000000000  0.0000453999297625  0.0000000000000000  0.0000000000000000  0.0000000000000000  0.0000000000000000
