
  0.0000479731532780 -0.0000030668048639  0.0000010156269211 -0.0000125296640043  0.0000187930669845  0.0000050120268553 -0.0000227254174931 -0.0000054205304966 -0.0000050802001451  0.0000296493424464  0.0000060771131375  0.0000034338555532
 -0.0000030668048639  0.0000490549919894 -0.0000012104387989  0.0000149330341026 -0.0000223978480250 -0.0000059734058254  0.0000270844800231  0.0000064602663513  0.0000060546557344 -0.0000353365135506 -0.0000072427910035 -0.0000040925185273
  0.0000010156269211 -0.0000012104387989  0.0000458007880776 -0.0000049453395705  0.0000074174453343  0.0000019781994734 -0.0000089695067917 -0.0000021394319871 -0.0000020051068245  0.0000117023143149  0.0000023985789294  0.0000013553102254
 -0.0000125296640043  0.0000149330341026 -0.0000049453395705  0.0001064099738233 -0.0000915081078284 -0.0000244048028080  0.0001106556985149  0.0000263939084335  0.0000247367554773 -0.0001443700077198 -0.0000295909722841 -0.0000167202950155
  0.0000187930669845 -0.0000223978480250  0.0000074174453343 -0.0000915081078284  0.0001826516549044  0.0000366044208173 -0.0001659709273678 -0.0000395878523959 -0.0000371023119617  0.0002165385460210  0.0000443830835432  0.0000250785355552
  0.0000050120268553 -0.0000059734058254  0.0000019781994734 -0.0000244048028080  0.0000366044208173  0.0000551621649693 -0.0000442637035165 -0.0000105579030563 -0.0000098950205466  0.0000577498610930  0.0000118367697419  0.0000066883331921
 -0.0000227254174931  0.0000270844800231 -0.0000089695067917  0.0001106556985149 -0.0001659709273678 -0.0000442637035165  0.0002460994015020  0.0000478714024749  0.0000448657757664 -0.0002618480988622 -0.0000536700105407 -0.0000303260873320
 -0.0000054205304966  0.0000064602663513 -0.0000021394319871  0.0000263939084335 -0.0000395878523959 -0.0000105579030563  0.0000478714024749  0.0000568183513211  0.0000107015110227 -0.0000624567449993 -0.0000128015218633 -0.0000072334636438
 -0.0000050802001451  0.0000060546557344 -0.0000020051068245  0.0000247367554773 -0.0000371023119617 -0.0000098950205466  0.0000448657757664  0.0000107015110227  0.0000554295417873 -0.0000585353712523 -0.0000119977727765 -0.0000067793075005
  0.0000296493424464 -0.0000353365135506  0.0000117023143149 -0.0001443700077198  0.0002165385460210  0.0000577498610930 -0.0002618480988622 -0.0000624567449993 -0.0000585353712523  0.0003870272707989  0.0000700220588734  0.0000395657658936
  0.0000060771131375 -0.0000072427910035  0.0000023985789294 -0.0000295909722841  0.0000443830835432  0.0000118367697419 -0.0000536700105407 -0.0000128015218633 -0.0000119977727765  0.0000700220588734  0.0000597520852837  0.0000081096447971
  0.0000034338555532 -0.0000040925185273  0.0000013553102254 -0.0000167202950155  0.0000250785355552  0.0000066883331921 -0.0000303260873320 -0.0000072334636438 -0.0000067793075005  0.0000395657658936  0.0000081096447971  0.0000499822615688



  0.0000453999297625  0.0000000000000000  0.0000000000000000  0.0000000000000000  0.0000000000000000  0.0000000000000000  0.0000000000000000  0.0000000000000000  0.0000000000000000  0.0000000000000000  0.0000000000000000  0.0000000000000000
  0.0000000000000000  0.0000453999297625  0.0000000000000000  0.0000000000000000  0.0000000000000000  0.0000000000000000  0.0000000000000000  0.0000000000000000  0.0000000000000000  0.0000000000000000  0.0000000000000000  0.0000000000000000
  0.0000000000000000  0.0000000000000000  0.0000453999297625  0.0000000000000000  0.0000000000000000  0.0000000000000000  0.0000000000000000  0.0000000000000000  0.0000000000000000  0.0000000000000000  0.0000000000000000  0.0000000000000000
  0.0000000000000000  0.0000000000000000  0.0000000000000000  0.0000453999297625  0.0000000000000000  0.0000000000000000  0.0000000000000000  0.0000000000000000  0.0000000000000000  0.0000000000000000  0.0000000000000000  0.0000000000000000
  0.0000000000000000  0.0000000000000000  0.0000000000000000  0.0000000000000000  0.0000453999297625  0.0000000000000000  0.0000000000000000  0.0000000000000000  0.0000000000000000  0.0000000000000000  0.0000000000000000  0.0000000000000000
  0.0000000000000000  0.0000000000000000  0.0000000000000000  0.0000000000000000  0.0000000000000000  0.0000453999297625  0.0000000000000000  0.0000000000000000  0.0000000000000000  0.0000000000000000  0.0000000000000000  0.0000000000000000
  0.0000000000000000  0.0000000000000000  0.0000000000000000  0.0000000000000000  0.0000000000000000  0.0000000000000000  0.0000453999297625  0.0000000000000000  0.0000000000000000  0.0000000000000000  0.0000000000000000  0.0000000000000000
  0.0000000000000000  0.0000000000000000  0.0000000000000000  0.0000000000000000  0.0000000000000000  0.0000000000000000  0.0000000000000000  0.0000453999297625  0.0000000000000000  0.0000000000000000  0.0000000000000000  0.0000000000000000
  0.0000000000000000  0.0000000000000000  0.0000000000000000  0.0000000000000000  0.0000000000000000  0.0000000000000000  0.0000000000000000  0.0000000000000000  0.0000453999297625  0.0000000000000000  0.0000000000000000  0.0000000000000000
  0.0000000000000000  0.0000000000000000  0.0000000000000000  0.0000000000000000  0.0000000000000000  0.0000000000000000  0.0000000000000000  0.0000000000000000  0.0000000000000000  0.0000453999297625  0.0000000000000000  0.0000000000000000
  0.0000000000000000  0.0000000000000000  0.0000000000000000  0.0000000000000000  0.0000000000000000  0.0000000000000000  0.0000000000000000  0.0000000000000000  0.0000000000000000  0.0000000000000000  0.0000453999297625  0.0000000000000000
  0.0000000000000000  0.0000000000000000  0.0000000000000000  0.0000000000000000  0.0000000000000000  0.0000000000000000  0.0000000000000000  0.0000000000000000  0.0000000000000000  0.0000000000000000  0.0000000000000000  0.0000453999297625



  0.5186397001011700  0.5003537610381820 -0.2594288452669584 -0.0518542598055350 -0.0319204880697145 -0.2770380685167925  0.4043819477160402  0.5102695420385202 -0.4379674724783838  0.1511482482927524  0.3195848295541243  0.0442351193101485
  0.5003537610381820  1.9745588069799693 -1.7341713868513235  0.1730700522762865 -0.7444636918370514 -0.8586472514664015 -0.0020960901949537 -0.1596111505659605 -0.7598652750118737 -0.0797922428872284 -0.1151787644913532  0.9765785731553511
 -0.2594288452669584 -1.7341713868513235  1.8608310547224052  0.2773560272864597  0.7504504521348538  0.5664844368698778  0.2816399905221767  0.1321871704506460  0.0984428055382536  0.2822132078760196  0.6631342330565548 -1.1860025081316460
 -0.0518542598055350  0.1730700522762865  0.2773560272864597  0.9813934264908328  0.1088519833678276 -0.1287926845615547 -0.0403980592678554 -0.7644558828260160 -0.8510956560471612  0.2124665712622124  0.6129621631273265 -0.4623295309595647
 -0.0319204880697145 -0.7444636918370514  0.7504504521348538  0.1088519833678276  0.7792973616193652  0.8813220435539899 -0.1280396230250995 -0.0862393955890846  0.1504453911841503  0.1471187724847443  0.1242746498456844 -0.8920262736154477
 -0.2770380685167925 -0.8586472514664015  0.5664844368698778 -0.1287926845615547  0.8813220435539899  1.3049715942917188 -0.5323043999512727 -0.3202571958542323  0.6629247695409520 -0.0261426504804821 -0.3895471174892405 -0.8241942882361084
  0.4043819477160402 -0.0020960901949537  0.2816399905221767 -0.0403980592678554 -0.1280396230250995 -0.5323043999512727  0.6603874189925820  0.7095853824894599 -0.4247730073924434  0.2015977037089745  0.5756529345626973 -0.0070263621097678
  0.5102695420385202 -0.1596111505659605  0.1321871704506460 -0.7644558828260160 -0.0862393955890846 -0.3202571958542323  0.7095853824894599  1.3233555391778944  0.1786405417190001  0.0827044446326720  0.1650448551837869  0.2066812899188055
 -0.4379674724783838 -0.7598652750118737  0.0984428055382536 -0.8510956560471612  0.1504453911841503  0.6629247695409520 -0.4247730073924434  0.1786405417190001  1.2623602569161199 -0.3147733442327034 -0.8941927507980948  0.1658162445981650
  0.1511482482927524 -0.0797922428872284  0.2822132078760196  0.2124665712622124  0.1471187724847443 -0.0261426504804821  0.2015977037089745  0.0827044446326720 -0.3147733442327034  0.1509350101380300  0.3593583802008189 -0.2857487942022623
  0.3195848295541243 -0.1151787644913532  0.6631342330565548  0.6129621631273265  0.1242746498456844 -0.3895471174892405  0.5756529345626973  0.1650448551837869 -0.8941927507980948  0.3593583802008189  0.9720291520270310 -0.5136326858620649
  0.0442351193101485  0.9765785731553511 -1.1860025081316460 -0.4623295309595647 -0.8920262736154477 -0.8241942882361084 -0.0070263621097678  0.2066812899188055  0.1658162445981650 -0.2857487942022623 -0.5136326858620649  1.2115632436097170



  0.0003180890689315 -0.0344659016943301 -0.0176816657151832 -0.0023962575167264 -0.0178790835332120 -0.0252513788770999  0.0117236532168672  0.0126195554506267  0.0006639905646800 -0.0082183847149333 -0.0000993039844045 -0.0054252967499941
 -0.0344659016943301  4.3695368000881380  2.2416084858675784  0.3038682928766054  2.2664800438745867  3.2012793721756374 -1.4863330558808046 -1.5999052343872900 -0.0842826388898760  1.0418454584535050  0.0124955398411540  0.6877674715615076
 -0.0176816657151832  2.2416084858675784  1.1500210684185868  0.1558884249652829  1.1627353988707918  1.6422998720465980 -0.7625089886231913 -0.8207730742062542 -0.0432379518511720  0.5344809886090327  0.0064105516676285  0.3528341283992315
 -0.0023962575167264  0.3038682928766054  0.1558884249652829  0.0211778156903122  0.1576171606243951  0.2226270039322271 -0.1033645533634307 -0.1112626773907914 -0.0058618862052676  0.0724528971779970  0.0008684324827813  0.0478293186069142
 -0.0178790835332120  2.2664800438745867  1.1627353988707918  0.1576171606243951  1.1756839432186896  1.6605220968180334 -0.7709688562122748 -0.8298794974487711 -0.0437164750605682  0.5404119608036618  0.0064827834649867  0.3567493967329246
 -0.0252513788770999  3.2012793721756374  1.6422998720465980  0.2226270039322271  1.6605220968180334  2.3454418813058364 -1.0889521554485095 -1.1721600831950838 -0.0617489664942050  0.7633013689847181  0.0091549198209784  0.5038884078647166
  0.0117236532168672 -1.4863330558808046 -0.7625089886231913 -0.1033645533634307 -0.7709688562122748 -1.0889521554485095  0.5056389114965754  0.5442263781280865  0.0286700333936063 -0.3543956073016656 -0.0042502139832481 -0.2339519507102530
  0.0126195554506267 -1.5999052343872900 -0.8207730742062542 -0.1112626773907914 -0.8298794974487711 -1.1721600831950838  0.5442263781280865  0.5858566265899350  0.0308606536120561 -0.3814753742729356 -0.0045750543433780 -0.2518284807167804
  0.0006639905646800 -0.0842826388898760 -0.0432379518511720 -0.0058618862052676 -0.0437164750605682 -0.0617489664942050  0.0286700333936063  0.0308606536120561  0.0016719282084144 -0.0200955854495670 -0.0002402919477341 -0.0132659854670272
 -0.0082183847149333  1.0418454584535050  0.5344809886090327  0.0724528971779970  0.5404119608036618  0.7633013689847181 -0.3543956073016656 -0.3814753742729356 -0.0200955854495670  0.2484594570299659  0.0029798043158978  0.1639889075023468
 -0.0000993039844045  0.0124955398411540  0.0064105516676285  0.0008684324827813  0.0064827834649867  0.0091549198209784 -0.0042502139832481 -0.0045750543433780 -0.0002402919477341  0.0029798043158978  0.0000817975306935  0.0019670838203304
 -0.0054252967499941  0.6877674715615076  0.3528341283992315  0.0478293186069142  0.3567493967329246  0.5038884078647166 -0.2339519507102530 -0.2518284807167804 -0.0132659854670272  0.1639889075023468  0.0019670838203304  0.1083015999883059



  0.0000882122424116  0.0000050132932845 -0.0000224000151147  0.0000594300142624  0.0000448598734723  0.0000411527822366 -0.0001428169598252 -0.0001088524884389  0.0000378920219659 -0.0000536105806339  0.0000101885920919  0.0000710347647142
  0.0000050132932845  0.0000459869830656 -0.0000026230268444  0.0000069592150707  0.0000052530612926  0.0000048189633790 -0.0000167237708337 -0.0000127465538656  0.0000044371305240 -0.0000062777632704  0.0000011930773451  0.0000083181236162
 -0.0000224000151147 -0.0000026230268444  0.0000571199384724 -0.0000310946345892 -0.0000234713282615 -0.0000215317250359  0.0000747238787341  0.0000569531808825 -0.0000198256485633  0.0000280498235718 -0.0000053308172984 -0.0000371664062231
  0.0000594300142624  0.0000069592150707 -0.0000310946345892  0.0001278978462888  0.0000622723407193  0.0000571263331487 -0.0001982517045711 -0.0001511038423324  0.0000525999009752 -0.0000744196558078  0.0000141433184957  0.0000986070786386
  0.0000448598734723  0.0000052530612926 -0.0000234713282615  0.0000622723407193  0.0000924052916182  0.0000431209736157 -0.0001496473876561 -0.0001140585162622  0.0000397042627650 -0.0000561745842539  0.0000106758762567  0.0000744321051594
  0.0000411527822366  0.0000048189633790 -0.0000215317250359  0.0000571263331487  0.0000431209736157  0.0000849575098375 -0.0001372809568956 -0.0001046330477252  0.0000364232164062 -0.0000515324777824  0.0000097936524731  0.0000682812495432
 -0.0001428169598252 -0.0000167237708337  0.0000747238787341 -0.0001982517045711 -0.0001496473876561 -0.0001372809568956  0.0005218209112891  0.0003631194043560 -0.0001264034349920  0.0001788387421008 -0.0000339879734923 -0.0002369638197669
 -0.0001088524884389 -0.0000127465538656  0.0000569531808825 -0.0001511038423324 -0.0001140585162622 -0.0001046330477252  0.0003631194043560  0.0003221629333510 -0.0000963423984304  0.0001363076355272 -0.0000259050150358 -0.0001806095122258
  0.0000378920219659  0.0000044371305240 -0.0000198256485633  0.0000525999009752  0.0000397042627650  0.0000364232164062 -0.0001264034349920 -0.0000963423984304  0.0000789371352957 -0.0000474492773991  0.0000090176477620  0.0000628709522645
 -0.0000536105806339 -0.0000062777632704  0.0000280498235718 -0.0000744196558078 -0.0000561745842539 -0.0000515324777824  0.0001788387421008  0.0001363076355272 -0.0000474492773991  0.0001125323544801 -0.0000127583936510 -0.0000889513961260
  0.0000101885920919  0.0000011930773451 -0.0000053308172984  0.0000141433184957  0.0000106758762567  0.0000097936524731 -0.0000339879734923 -0.0000259050150358  0.0000090176477620 -0.0000127583936510  0.0000478246389733  0.0000169050489739
  0.0000710347647142  0.0000083181236162 -0.0000371664062231  0.0000986070786386  0.0000744321051594  0.0000682812495432 -0.0002369638197669 -0.0001806095122258  0.0000628709522645 -0.0000889513961260  0.0000169050489739  0.0001632617663646



  0.0000453999297625  0.0000000000000000  0.0000000000000000  0.0000000000000000  0.0000000000000000  0.0000000000000000  0.0000000000000000  0.0000000000000000  0.0000000000000000  0.0000000000000000  0.0000000000000000  0.0000000000000000
  0.0000000000000000  0.0000453999297625  0.0000000000000000  0.0000000000000000  0.0000000000000000  0.0000000000000000  0.0000000000000000  0.0000000000000000  0.0000000000000000  0.0000000000000000  0.0000000000000000  0.0000000000000000
  0.0000000000000000  0.0000000000000000  0.0000453999297625  0.0000000000000000  0.0000000000000000  0.0000000000000000  0.0000000000000000  0.0000000000000000  0.0000000000000000  0.0000000000000000  0.0000000000000000  0.0000000000000000
  0.0000000000000000  0.0000000000000000  0.0000000000000000  0.0000453999297625  0.0000000000000000  0.0000000000000000  0.0000000000000000  0.0000000000000000  0.0000000000000000  0.0000000000000000  0.0000000000000000  0.0000000000000000
  0.0000000000000000  0.0000000000000000  0.0000000000000000  0.0000000000000000  0.0000453999297625  0.0000000000000000  0.0000000000000000  0.0000000000000000  0.0000000000000000  0.0000000000000000  0.0000000000000000  0.0000000000000000
  0.0000000000000000  0.0000000000000000  0.0000000000000000  0.0000000000000000  0.0000000000000000  0.0000453999297625  0.0000000000000000  0.0000000000000000  0.0000000000000000  0.0000000000000000  0.0000000000000000  0.0000000000000000
  0.0000000000000000  0.0000000000000000  0.0000000000000000  0.0000000000000000  0.0000000000000000  0.0000000000000000  0.0000453999297625  0.0000000000000000  0.0000000000000000  0.0000000000000000  0.0000000000000000  0.0000000000000000
  0.0000000000000000  0.0000000000000000  0.0000000000000000  0.0000000000000000  0.0000000000000000  0.0000000000000000  0.0000000000000000  0.0000453999297625  0.0000000000000000  0.0000000000000000  0.0000000000000000  0.0000000000000000
  0.0000000000000000  0.0000000000000000  0.0000000000000000  0.0000000000000000  0.0000000000000000  0.0000000000000000  0.0000000000000000  0.0000000000000000  0.0000453999297625  0.0000000000000000  0.0000000000000000  0.0000000000000000
  0.0000000000000000  0.0000000000000000  0.0000000000000000  0.0000000000000000  0.0000000000000000  0.0000000000000000  0.0000000000000000  0.0000000000000000  0.0000000000000000  0.0000453999297625  0.0000000000000000  0.0000000000000000
  0.0000000000000000  0.0000000000000000  0.0000000000000000  0.0000000000000000  0.0000000000000000  0.0000000000000000  0.0000000000000000  0.0000000000000000  0.0000000000000000  0.0000000000000000  0.0000453999297625  0.0000000000000000
  0.0000000000000000  0.0000000000000000  0.0000000000000000  0.0000000000000000  0.0000000000000000  0.0000000000000000  0.0000000000000000  0.0000000000000000  0.0000000000000000  0.0000000000000000  0.0000000000000000  0.0000453999297625



  0.0000453999297625  0.0000000000000000  0.0000000000000000  0.0000000000000000  0.0000000000000000  0.0000000000000000  0.0000000000000000  0.0000000000000000  0.0000000000000000  0.0000000000000000  0.0000000000000000  0.0000000000000000
  0.0000000000000000  0.0000453999297625  0.0000000000000000  0.0000000000000000  0.0000000000000000  0.0000000000000000  0.0000000000000000  0.0000000000000000  0.0000000000000000  0.0000000000000000  0.0000000000000000  0.0000000000000000
  0.0000000000000000  0.0000000000000000  0.0000453999297625  0.0000000000000000  0.0000000000000000  0.0000000000000000  0.0000000000000000  0.0000000000000000  0.0000000000000000  0.0000000000000000  0.0000000000000000  0.0000000000000000
  0.0000000000000000  0.0000000000000000  0.0000000000000000  0.0000453999297625  0.0000000000000000  0.0000000000000000  0.0000000000000000  0.0000000000000000  0.0000000000000000  0.0000000000000000  0.0000000000000000  0.0000000000000000
  0.0000000000000000  0.0000000000000000  0.0000000000000000  0.0000000000000000  0.0000453999297625  0.0000000000000000  0.0000000000000000  0.0000000000000000  0.0000000000000000  0.0000000000000000  0.0000000000000000  0.0000000000000000
  0.0000000000000000  0.0000000000000000  0.0000000000000000  0.0000000000000000  0.0000000000000000  0.0000453999297625  0.0000000000000000  0.0000000000000000  0.0000000000000000  0.0000000000000000  0.0000000000000000  0.0000000000000000
  0.0000000000000000  0.0000000000000000  0.0000000000000000  0.0000000000000000  0.0000000000000000  0.0000000000000000  0.0000453999297625  0.0000000000000000  0.0000000000000000  0.0000000000000000  0.0000000000000000  0.0000000000000000
  0.0000000000000000  0.0000000000000000  0.0000000000000000  0.0000000000000000  0.0000000000000000  0.0000000000000000  0.0000000000000000  0.0000453999297625  0.0000000000000000  0.0000000000000000  0.0000000000000000  0.0000000000000000
  0.0000000000000000  0.0000000000000000  0.0000000000000000  0.0000000000000000  0.0000000000000000  0.0000000000000000  0.0000000000000000  0.0000000000000000  0.0000453999297625  0.0000000000000000  0.0000000000000000  0.0000000000000000
  0.0000000000000000  0.0000000000000000  0.0000000000000000  0.0000000000000000  0.0000000000000000  0.0000000000000000  0.0000000000000000  0.0000000000000000  0.0000000000000000  0.0000453999297625  0.0000000000000000  0.0000000000000000
  0.0000000000000000  0.0000000000000000  0.0000000000000000  0.0000000000000000  0.0000000000000000  0.0000000000000000  0.0000000000000000  0.0000000000000000  0.0000000000000000  0.0000000000000000  0.0000453999297625  0.0000000000000000
  0.0000000000000000  0.0000000000000000  0.0000000000000000  0.0000000000000000  0.0000000000000000  0.0000000000000000  0.0000000000000000  0.0000000000000000  0.0000000000000000  0.0000000000000000  0.0000000000000000  0.0000453999297625



  0.0000453999297625  0.0000000000000000  0.0000000000000000  0.0000000000000000  0.0000000000000000  0.0000000000000000  0.0000000000000000  0.0000000000000000  0.0000000000000000  0.0000000000000000  0.0000000000000000  0.0000000000000000
  0.0000000000000000  0.0000453999297625  0.0000000000000000  0.0000000000000000  0.0000000000000000  0.0000000000000000  0.0000000000000000  0.0000000000000000  0.0000000000000000  0.0000000000000000  0.0000000000000000  0.0000000000000000
  0.0000000000000000  0.0000000000000000  0.0000453999297625  0.0000000000000000  0.0000000000000000  0.0000000000000000  0.0000000000000000  0.0000000000000000  0.0000000000000000  0.0000000000000000  0.0000000000000000  0.0000000000000000
  0.0000000000000000  0.0000000000000000  0.0000000000000000  0.0000453999297625  0.0000000000000000  0.0000000000000000  0.0000000000000000  0.0000000000000000  0.0000000000000000  0.0000000000000000  0.0000000000000000  0.0000000000000000
  0.0000000000000000  0.0000000000000000  0.0000000000000000  0.0000000000000000  0.0000453999297625  0.0000000000000000  0.0000000000000000  0.0000000000000000  0.0000000000000000  0.0000000000000000  0.0000000000000000  0.0000000000000000
  0.0000000000000000  0.0000000000000000  0.0000000000000000  0.0000000000000000  0.0000000000000000  0.0000453999297625  0.0000000000000000  0.0000000000000000  0.0000000000000000  0.0000000000000000  0.0000000000000000  0.0000000000000000
  0.0000000000000000  0.0000000000000000  0.0000000000000000  0.0000000000000000  0.0000000000000000  0.0000000000000000  0.0000453999297625  0.0000000000000000  0.0000000000000000  0.0000000000000000  0.0000000000000000  0.0000000000000000
  0.0000000000000000  0.0000000000000000  0.0000000000000000  0.0000000000000000  0.0000000000000000  0.0000000000000000  0.0000000000000000  0.0000453999297625  0.0000000000000000  0.0000000000000000  0.0000000000000000  0.0000000000000000
  0.0000000000000000  0.0000000000000000  0.0000000000000000  0.0000000000000000  0.0000000000000000  0.0000000000000000  0.0000000000000000  0.0000000000000000  0.0000453999297625  0.0000000000000000  0.0000000000000000  0.0000000000000000
  0.0000000000000000  0.0000000000000000  0.0000000000000000  0.0000000000000000  0.0000000000000000  0.0000000000000000  0.0000000000000000  0.0000000000000000  0.0000000000000000  0.0000453999297625  0.0000000000000000  0.0000000000000000
  0.0000000000000000  0.0000000000000000  0.0000000000000000  0.0000000000000000  0.0000000000000000  0.0000000000000000  0.0000000000000000  0.0000000000000000  0.0000000000000000  0.0000000000000000  0.0000453999297625  0.0000000000000000
  0.0000000000000000  0.0000000000000000  0.0000000000000000  0.0000000000000000  0.0000000000000000  0.0000000000000000  0.0000000000000000  0.0000000000000000  0.0000000000000000  0.0000000000000000  0.0000000000000000  0.0000453999297625



  0.0000453999297625  0.0000000000000000  0.0000000000000000  0.0000000000000000  0.0000000000000000  0.0000000000000000  0.0000000000000000  0.0000000000000000  0.0000000000000000  0.0000000000000000  0.0000000000000000  0.0000000000000000
  0.0000000000000000  0.0000453999297625  0.0000000000000000  0.0000000000000000  0.0000000000000000  0.0000000000000000  0.0000000000000000  0.0000000000000000  0.0000000000000000  0.0000000000000000  0.0000000000000000  0.0000000000000000
  0.0000000000000000  0.0000000000000000  0.0000453999297625  0.0000000000000000  0.0000000000000000  0.0000000000000000  0.0000000000000000  0.0000000000000000  0.0000000000000000  0.0000000000000000  0.0000000000000000  0.0000000000000000
  0.0000000000000000  0.0000000000000000  0.0000000000000000  0.0000453999297625  0.0000000000000000  0.0000000000000000  0.0000000000000000  0.0000000000000000  0.0000000000000000  0.0000000000000000  0.0000000000000000  0.0000000000000000
  0.0000000000000000  0.0000000000000000  0.0000000000000000  0.0000000000000000  0.0000453999297625  0.0000000000000000  0.0000000000000000  0.0000000000000000  0.0000000000000000  0.0000000000000000  0.0000000000000000  0.0000000000000000
  0.0000000000000000  0.0000000000000000  0.0000000000000000  0.0000000000000000  0.0000000000000000  0.0000453999297625  0.0000000000000000  0.0000000000000000  0.0000000000000000  0.0000000000000000  0.0000000000000000  0.0000000000000000
  0.0000000000000000  0.0000000000000000  0.0000000000000000  0.0000000000000000  0.0000000000000000  0.0000000000000000  0.0000453999297625  0.0000000000000000  0.0000000000000000  0.0000000000000000  0.0000000000000000  0.0000000000000000
  0.0000000000000000  0.0000000000000000  0.0000000000000000  0.0000000000000000  0.0000000000000000  0.0000000000000000  0.0000000000000000  0.0000453999297625  0.0000000000000000  0.0000000000000000  0.0000000000000000  0.0000000000000000
  0.0000000000000000  0.0000000000000000  0.0000000000000000  0.0000000000000000  0.0000000000000000  0.0000000000000000  0.0000000000000000  0.0000000000000000  0.0000453999297625  0.0000000000000000  0.0000000000000000  0.0000000000000000
  0.0000000000000000  0.0000000000000000  0.0000000000000000  0.0000000000000000  0.0000000000000000  0.0000000000000000  0.0000000000000000  0.0000000000000000  0.0000000000000000  0.0000453999297625  0.0000000000000000  0.0000000000000000
  0.0000000000000000  0.0000000000000000  0.0000000000000000  0.0000000000000000  0.0000000000000000  0.0000000000000000  0.0000000000000000  0.0000000000000000  0.0000000000000000  0.0000000000000000  0.0000453999297625  0.0000000000000000
  0.0000000000000000  0.0000000000000000  0.0000000000000000  0.0000000000000000  0.0000000000000000  0.0000000000000000  0.0000000000000000  0.0000000000000000  0.0000000000000000  0.0000000000000000  0.0000000000000000  0.0000453999297625



  1.0379515591024024 -0.4906739136480270 -0.2510499408161670 -0.7267610855791371  0.9279181186897439  0.6367236373234910 -0.4163133146371703 -0.0998194335655445 -0.0187630472014420  0.8307502729747377 -0.0677846181705836 -0.1068980086276492
 -0.4906739136480270  0.2320134387586250  0.1186844768364965  0.3435784889143826 -0.4386763729403096 -0.3010129619304453  0.1968133744481658  0.0471896391157377  0.0088696595328413 -0.3927400444829046  0.0320449423040906  0.0505363073269608
 -0.2510499408161670  0.1186844768364965  0.0607701960660151  0.1757906575013254 -0.2244464494113146 -0.1540122875307195  0.1006988250503790  0.0241451064050219  0.0045396067471462 -0.2009431495593160  0.0163967119152284  0.0258568263990001
 -0.7267610855791371  0.3435784889143826  0.1757906575013254  0.5089382627597698 -0.6497462667923626 -0.4458469642426820  0.2915110243067879  0.0698964457905281  0.0131400594742228 -0.5817071895069542  0.0474654221712841  0.0748522917261268
  0.9279181186897439 -0.4386763729403096 -0.2244464494113146 -0.6497462667923626  0.8296315693581983  0.5692501765837261 -0.3721966179775011 -0.0892421221984374 -0.0167758783361821  0.7427150780313010 -0.0606022931255998 -0.0955701220089736
  0.6367236373234910 -0.3010129619304453 -0.1540122875307195 -0.4458469642426820  0.5692501765837261  0.3906571353045690 -0.2553962026974120 -0.0612371878253135 -0.0115123643970037  0.5096403279639417 -0.0415851530592566 -0.0655789802094539
 -0.4163133146371703  0.1968133744481658  0.1006988250503790  0.2915110243067879 -0.3721966179775011 -0.2553962026974120  0.1670327631373882  0.0400390401373177  0.0075270586359753 -0.3332215370078560  0.0271897894360246  0.0428779206525657
 -0.0998194335655445  0.0471896391157377  0.0241451064050219  0.0698964457905281 -0.0892421221984374 -0.0612371878253135  0.0400390401373177  0.0096462323348924  0.0018059528607126 -0.0798968367496942  0.0065201936174478  0.0102810525742477
 -0.0187630472014420  0.0088696595328413  0.0045396067471462  0.0131400594742228 -0.0167758783361821 -0.0115123643970037  0.0075270586359753  0.0018059528607126  0.0003871391085951 -0.0150188042899662  0.0012273169497090  0.0019329382600597
  0.8307502729747377 -0.3927400444829046 -0.2009431495593160 -0.5817071895069542  0.7427150780313010  0.5096403279639417 -0.3332215370078560 -0.0798968367496942 -0.0150188042899662  0.6649862493522273 -0.0542559846564846 -0.0855623369939646
 -0.0677846181705836  0.0320449423040906  0.0163967119152284  0.0474654221712841 -0.0606022931255998 -0.0415851530592566  0.0271897894360246  0.0065201936174478  0.0012273169497090 -0.0542559846564846  0.0044737960055189  0.0069817488460384
 -0.1068980086276492  0.0505363073269608  0.0258568263990001  0.0748522917261268 -0.0955701220089736 -0.0655789802094539  0.0428779206525657  0.0102810525742477  0.0019329382600597 -0.0855623369939646  0.0069817488460384  0.0110553260032910



  0.0000453999297625  0.0000000000000000  0.0000000000000000  0.0000000000000000  0.0000000000000000  0.0000000000000000  0.0000000000000000  0.0000000000000000  0.0000000000000000  0.0000000000000000  0.0000000000000000  0.0000000000000000
  0.0000000000000000  0.0000453999297625  0.0000000000000000  0.0000000000000000  0.0000000000000000  0.0000000000000000  0.0000000000000000  0.0000000000000000  0.0000000000000000  0.0000000000000000  0.0000000000000000  0.0000000000000000
  0.0000000000000000  0.0000000000000000  0.0000453999297625  0.0000000000000000  0.0000000000000000  0.0000000000000000  0.0000000000000000  0.0000000000000000  0.0000000000000000  0.0000000000000000  0.0000000000000000  0.0000000000000000
  0.0000000000000000  0.0000000000000000  0.0000000000000000  0.0000453999297625  0.0000000000000000  0.0000000000000000  0.0000000000000000  0.0000000000000000  0.0000000000000000  0.0000000000000000  0.0000000000000000  0.0000000000000000
  0.0000000000000000  0.0000000000000000  0.0000000000000000  0.0000000000000000  0.0000453999297625  0.0000000000000000  0.0000000000000000  0.0000000000000000  0.0000000000000000  0.0000000000000000  0.0000000000000000  0.0000000000000000
  0.0000000000000000  0.0000000000000000  0.0000000000000000  0.0000000000000000  0.0000000000000000  0.0000453999297625  0.0000000000000000  0.0000000000000000  0.0000000000000000  0.0000000000000000  0.0000000000000000  0.0000000000000000
  0.0000000000000000  0.0000000000000000  0.0000000000000000  0.0000000000000000  0.0000000000000000  0.0000000000000000  0.0000453999297625  0.0000000000000000  0.0000000000000000  0.0000000000000000  0.0000000000000000  0.0000000000000000
  0.0000000000000000  0.0000000000000000  0.0000000000000000  0.0000000000000000  0.0000000000000000  0.0000000000000000  0.0000000000000000  0.0000453999297625  0.0000000000000000  0.0000000000000000  0.0000000000000000  0.0000000000000000
  0.0000000000000000  0.0000000000000000  0.0000000000000000  0.0000000000000000  0.0000000000000000  0.0000000000000000  0.0000000000000000  0.0000000000000000  0.0000453999297625  0.0000000000000000  0.0000000000000000  0.0000000000000000
  0.0000000000000000  0.0000000000000000  0.0000000000000000  0.0000000000000000  0.0000000000000000  0.0000000000000000  0.0000000000000000  0.0000000000000000  0.0000000000000000  0.0000453999297625  0.0000000000000000  0.0000000000000000
  0.0000000000000000  0.0000000000000000  0.0000000000000000  0.0000000000000000  0.0000000000000000  0.0000000000000000  0.0000000000000000  0.0000000000000000  0.0000000000000000  0.0000000000000000  0.0000453999297625  0.0000000000000000
  0.0000000000000000  0.0000000000000000  0.0000000000000000  0.0000000000000000  0.0000000000000000  0.0000000000000000  0.0000000000000000  0.0000000000000000  0.0000000000000000  0.0000000000000000  0.0000000000000000  0.0000453999297625



  0.0000453999297625  0.0000000000000000  0.0000000000000000  0.0000000000000000  0.0000000000000000  0.0000000000000000  0.0000000000000000  0.0000000000000000  0.0000000000000000  0.0000000000000000  0.0000000000000000  0.0000000000000000
  0.0000000000000000  0.0000453999297625  0.0000000000000000  0.0000000000000000  0.0000000000000000  0.0000000000000000  0.0000000000000000  0.0000000000000000  0.0000000000000000  0.0000000000000000  0.0000000000000000  0.0000000000000000
  0.0000000000000000  0.0000000000000000  0.0000453999297625  0.0000000000000000  0.0000000000000000  0.0000000000000000  0.0000000000000000  0.0000000000000000  0.0000000000000000  0.0000000000000000  0.0000000000000000  0.0000000000000000
  0.0000000000000000  0.0000000000000000  0.0000000000000000  0.0000453999297625  0.0000000000000000  0.0000000000000000  0.0000000000000000  0.0000000000000000  0.0000000000000000  0.0000000000000000  0.0000000000000000  0.0000000000000000
  0.0000000000000000  0.0000000000000000  0.0000000000000000  0.0000000000000000  0.0000453999297625  0.0000000000000000  0.0000000000000000  0.0000000000000000  0.0000000000000000  0.0000000000000000  0.0000000000000000  0.0000000000000000
  0.0000000000000000  0.0000000000000000  0.0000000000000000  0.0000000000000000  0.0000000000000000  0.0000453999297625  0.0000000000000000  0.0000000000000000  0.0000000000000000  0.0000000000000000  0.0000000000000000  0.0000000000000000
  0.0000000000000000  0.0000000000000000  0.0000000000000000  0.0000000000000000  0.0000000000000000  0.0000000000000000  0.0000453999297625  0.0000000000000000  0.0000000000000000  0.0000000000000000  0.0000000000000000  0.0000000000000000
  0.0000000000000000  0.0000000000000000  0.0000000000000000  0.0000000000000000  0.0000000000000000  0.0000000000000000  0.0000000000000000  0.0000453999297625  0.0000000000000000  0.0000000000000000  0.0000000000000000  0.0000000000000000
  0.0000000000000000  0.0000000000000000  0.0000000000000000  0.0000000000000000  0.0000000000000000  0.0000000000000000  0.0000000000000000  0.0000000000000000  0.0000453999297625  0.0000000000000000  0.0000000000000000  0.0000000000000000
  0.0000000000000000  0.0000000000000000  0.0000000000000000  0.0000000000000000  0.0000000000000000  0.0000000000000000  0.0000000000000000  0.0000000000000000  0.0000000000000000  0.0000453999297625  0.0000000000000000  0.0000000000000000
  0.0000000000000000  0.0000000000000000  0.0000000000000000  0.0000000000000000  0.0000000000000000  0.0000000000000000  0.0000000000000000  0.0000000000000000  0.0000000000000000  0.0000000000000000  0.0000453999297625  0.0000000000000000
  0.0000000000000000  0.0000000000000000  0.0000000000000000  0.0000000000000000  0.0000000000000000  0.0000000000000000  0.0000000000000000  0.0000000000000000  0.0000000000000000  0.0000000000000000  0.0000000000000000  0.0000453999297625



  0.0002073242864034  0.0000393714406664 -0.0000457725498816  0.0000170081805694  0.0000944645704314 -0.0000285249422167 -0.0000837733363254 -0.0000046464165529 -0.0002112420539518  0.0002522687956393 -0.0000180244933315  0.0000346946404208
  0.0000393714406664  0.0000549729820957 -0.0000111294635915  0.0000041354900895  0.0000229687880624 -0.0000069357574938 -0.0000203692453006 -0.0000011297627943 -0.0000513628966386  0.0000613384306447 -0.0000043826036086  0.0000084359018316
 -0.0000457725498816 -0.0000111294635915  0.0000583388499233 -0.0000048078486131 -0.0000267031121927  0.0000080633906323  0.0000236809291403  0.0000013134425101  0.0000597136073423 -0.0000713109891033  0.0000050951384784 -0.0000098074322618
  0.0000170081805694  0.0000041354900895 -0.0000048078486131  0.0000471864318816  0.0000099223520453 -0.0000029961975951 -0.0000087993681783 -0.0000004880494409 -0.0000221884037213  0.0000264977630127 -0.0000018932533907  0.0000036442492118
  0.0000944645704314  0.0000229687880624 -0.0000267031121927  0.0000099223520453  0.0001005093354870 -0.0000166410814839 -0.0000488722783512 -0.0000027106591795 -0.0001232358756741  0.0001471703448924 -0.0000105152557350  0.0000202404034304
 -0.0000285249422167 -0.0000069357574938  0.0000080633906323 -0.0000029961975951 -0.0000166410814839  0.0000504249448087  0.0000147576907363  0.0000008185227129  0.0000372128536294 -0.0000444402125039  0.0000031752334326 -0.0000061118823243
 -0.0000837733363254 -0.0000203692453006  0.0000236809291403 -0.0000087993681783 -0.0000488722783512  0.0000147576907363  0.0000887409812552  0.0000024038744057  0.0001092883862495 -0.0001305140196318  0.0000093251686977 -0.0000179496515592
 -0.0000046464165529 -0.0000011297627943  0.0000013134425101 -0.0000004880494409 -0.0000027106591795  0.0000008185227129  0.0000024038744057  0.0000455332586034  0.0000060615870059 -0.0000072388486337  0.0000005172125177 -0.0000009955620939
 -0.0002112420539518 -0.0000513628966386  0.0000597136073423 -0.0000221884037213 -0.0001232358756741  0.0000372128536294  0.0001092883862495  0.0000060615870059  0.0003209804927085 -0.0003291029196860  0.0000235142573468 -0.0000452616719043
  0.0002522687956393  0.0000613384306447 -0.0000713109891033  0.0000264977630127  0.0001471703448924 -0.0000444402125039 -0.0001305140196318 -0.0000072388486337 -0.0003291029196860  0.0004384201434815 -0.0000280811195984  0.0000540522459725
 -0.0000180244933315 -0.0000043826036086  0.0000050951384784 -0.0000018932533907 -0.0000105152557350  0.0000031752334326  0.0000093251686977  0.0000005172125177  0.0000235142573468 -0.0000280811195984  0.0000474063132776 -0.0000038620089520
  0.0000346946404208  0.0000084359018316 -0.0000098074322618  0.0000036442492118  0.0000202404034304 -0.0000061118823243 -0.0000179496515592 -0.0000009955620939 -0.0000452616719043  0.0000540522459725 -0.0000038620089520  0.0000528337593536



  0.0722400149783061  0.3183431358586645 -0.2161137031422436  0.0466681128723810 -0.1153814616961988 -0.1154073972419159 -0.0643654057198803 -0.2424169169174922 -0.3562572588800723  0.1350206107435244  0.0298216954942725 -0.1692469052010034
  0.3183431358586645  1.4148444760231762 -1.0045642892986717  0.1956700496276164 -0.5662546279329385 -0.6116733890378264 -0.3632817343162320 -1.0573560675730378 -1.5813297900228864  0.6658895438490237  0.0161501541652972 -0.7580515721062673
 -0.2161137031422436 -1.0045642892986717  0.8877763267038741 -0.0925113532239978  0.6135814273124801  0.8250444304525664  0.5634362467027777  0.6716195098344446  1.1150169973618418 -0.7331947207126872  0.4489350449100199  0.5614862938040837
  0.0466681128723810  0.1956700496276164 -0.0925113532239978  0.0394603010541332 -0.0220280548345945  0.0193804148663292  0.0310506017529472 -0.1672960723669540 -0.2207748223887673  0.0228035757298665  0.1247496935191823 -0.0986562227807397
 -0.1153814616961988 -0.5662546279329385  0.6135814273124801 -0.0220280548345945  0.4831435832413967  0.7185705792022485  0.5158027418042206  0.3272296117224878  0.6234601118957009 -0.5822280690902866  0.5517670784186964  0.3315772629003341
 -0.1154073972419159 -0.6116733890378264  0.8250444304525664  0.0193804148663292  0.7185705792022485  1.1396543968320610  0.8412992235398260  0.2798662842683313  0.6662213871390456 -0.8711020368110090  1.0242239299579665  0.3797865054901959
 -0.0643654057198803 -0.3632817343162320  0.5634362467027777  0.0310506017529472  0.5158027418042206  0.8412992235398260  0.6282944234201873  0.1329021674771506  0.3923992330286478 -0.6269634027735127  0.8020964885075431  0.2353426797492796
 -0.2424169169174922 -1.0573560675730378  0.6716195098344446 -0.1672960723669540  0.3272296117224878  0.2798662842683313  0.1329021674771506  0.8261724756723898  1.1853480971329820 -0.3795211187591108 -0.2209490343177558  0.5559897090149910
