
  0.4039661320466791  0.3776233286171765 -0.4615922053695104 -0.5683921706443251 -0.4459369384172462 -0.5463043809721302 -0.2371150413889212 -0.0036523619846642 -0.1669750687186117 -0.0536431175706697 -0.1864796050868935  0.3960903026659848
  0.3776233286171765  0.4403282485658671 -0.4577585181739651 -0.4816947738874805 -0.3474846299385209 -0.4278382170803934 -0.1809155174569769 -0.2111724353625367 -0.0320983561381168 -0.0185307209081547 -0.0649605584097135  0.3670339463128447
 -0.4615922053695104 -0.4577585181739651  0.5354488952274685  0.6354960293322799  0.4870989858505106  0.6030386661428693  0.2591212527625100  0.0613743334000940  0.1537919491816589  0.0569546353871072  0.1795376606668759 -0.4504619461528173
 -0.5683921706443251 -0.4816947738874805  0.6354960293322799  0.8576008608593875  0.6121604093479055  0.9374982894683545  0.3702410934795399 -0.2876642012534003  0.3136619154726934  0.2653222374949111  0.3014606543278663 -0.5192511126790363
 -0.4459369384172462 -0.3474846299385209  0.4870989858505106  0.6121604093479055  0.6500432923341357  0.4423134508451792  0.2692852517046582  0.1642946164587998  0.2679605427625365 -0.2362546684934932  0.3362930870394294 -0.5145050464561314
 -0.5463043809721302 -0.4278382170803934  0.6030386661428693  0.9374982894683545  0.4423134508451792  1.3197417522718304  0.4146177121515717 -0.9132263527590008  0.3769875576374755  0.8124298822251839  0.2600974969777853 -0.3736419068530945
 -0.2371150413889212 -0.1809155174569769  0.2591212527625100  0.3702410934795399  0.2692852517046582  0.4146177121515717  0.1643509219530801 -0.1741520065758912  0.1596204545083091  0.1242912267968407  0.1500150889756661 -0.2158885364780927
 -0.0036523619846642 -0.2111724353625367  0.0613743334000940 -0.2876642012534003  0.1642946164587998 -0.9132263527590008 -0.1741520065758912  1.5295605728517039 -0.3416294804900574 -1.0938719287403433 -0.1208906479853074 -0.2329323566055266
 -0.1669750687186117 -0.0320983561381168  0.1537919491816589  0.3136619154726934  0.2679605427625365  0.3769875576374755  0.1596204545083091 -0.3416294804900574  0.2475385398587358  0.1142351370555127  0.2261778448664776 -0.1574201043233886
 -0.0536431175706697 -0.0185307209081547  0.0569546353871072  0.2653222374949111 -0.2362546684934932  0.8124298822251839  0.1242912267968407 -1.0938719287403433  0.1142351370555127  1.0222426764165276 -0.0713903697521103  0.1797524736128995
 -0.1864796050868935 -0.0649605584097135  0.1795376606668759  0.3014606543278663  0.3362930870394294  0.2600974969777853  0.1500150889756661 -0.1208906479853074  0.2261778448664776 -0.0713903697521103  0.2416394849977426 -0.2185625821447220
  0.3960903026659848  0.3670339463128447 -0.4504619461528173 -0.5192511126790363 -0.5145050464561314 -0.3736419068530945 -0.2158885364780927 -0.2329323566055266 -0.1574201043233886  0.1797524736128995 -0.2185625821447220  0.4429242808047925



  0.0000453999297625  0.0000000000000000  0.0000000000000000  0.0000000000000000  0.0000000000000000  0.0000000000000000  0.0000000000000000  0.0000000000000000  0.0000000000000000  0.0000000000000000  0.0000000000000000  0.0000000000000000
  0.0000000000000000  0.0000453999297625  0.0000000000000000  0.0000000000000000  0.0000000000000000  0.0000000000000000  0.0000000000000000  0.0000000000000000  0.0000000000000000  0.0000000000000000  0.0000000000000000  0.0000000000000000
  0.0000000000000000  0.0000000000000000  0.0000453999297625  0.0000000000000000  0.0000000000000000  0.0000000000000000  0.0000000000000000  0.0000000000000000  0.0000000000000000  0.0000000000000000  0.0000000000000000  0.0000000000000000
  0.0000000000000000  0.0000000000000000  0.0000000000000000  0.0000453999297625  0.0000000000000000  0.0000000000000000  0.0000000000000000  0.0000000000000000  0.0000000000000000  0.0000000000000000  0.0000000000000000  0.0000000000000000
  0.0000000000000000  0.0000000000000000  0.0000000000000000  0.0000000000000000  0.0000453999297625  0.0000000000000000  0.0000000000000000  0.0000000000000000  0.0000000000000000  0.0000000000000000  0.0000000000000000  0.0000000000000000
  0.0000000000000000  0.0000000000000000  0.0000000000000000  0.0000000000000000  0.0000000000000000  0.0000453999297625  0.0000000000000000  0.0000000000000000  0.0000000000000000  0.0000000000000000  0.0000000000000000  0.0000000000000000
  0.0000000000000000  0.0000000000000000  0.0000000000000000  0.0000000000000000  0.0000000000000000  0.0000000000000000  0.0000453999297625  0.0000000000000000  0.0000000000000000  0.0000000000000000  0.0000000000000000  0.0000000000000000
  0.0000000000000000  0.0000000000000000  0.0000000000000000  0.0000000000000000  0.0000000000000000  0.0000000000000000  0.0000000000000000  0.0000453999297625  0.0000000000000000  0.0000000000000000  0.0000000000000000  0.0000000000000000
  0.0000000000000000  0.0000000000000000  0.0000000000000000  0.0000000000000000  0.0000000000000000  0.0000000000000000  0.0000000000000000  0.0000000000000000  0.0000453999297625  0.0000000000000000  0.0000000000000000  0.0000000000000000
  0.0000000000000000  0.0000000000000000  0.0000000000000000  0.0000000000000000  0.0000000000000000  0.0000000000000000  0.0000000000000000  0.0000000000000000  0.0000000000000000  0.0000453999297625  0.0000000000000000  0.0000000000000000
  0.0000000000000000  0.0000000000000000  0.0000000000000000  0.0000000000000000  0.0000000000000000  0.0000000000000000  0.0000000000000000  0.0000000000000000  0.0000000000000000  0.0000000000000000  0.0000453999297625  0.0000000000000000
  0.0000000000000000  0.0000000000000000  0.0000000000000000  0.0000000000000000  0.0000000000000000  0.0000000000000000  0.0000000000000000  0.0000000000000000  0.0000000000000000  0.0000000000000000  0.0000000000000000  0.0000453999297625



  0.0000453999297625  0.0000000000000000  0.0000000000000000  0.0000000000000000  0.0000000000000000  0.0000000000000000  0.0000000000000000  0.0000000000000000  0.0000000000000000  0.0000000000000000  0.0000000000000000  0.0000000000000000
  0.0000000000000000  0.0000453999297625  0.0000000000000000  0.0000000000000000  0.0000000000000000  0.0000000000000000  0.0000000000000000  0.0000000000000000  0.0000000000000000  0.0000000000000000  0.0000000000000000  0.0000000000000000
  0.0000000000000000  0.0000000000000000  0.0000453999297625  0.0000000000000000  0.0000000000000000  0.0000000000000000  0.0000000000000000  0.0000000000000000  0.0000000000000000  0.0000000000000000  0.0000000000000000  0.0000000000000000
  0.0000000000000000  0.0000000000000000  0.0000000000000000  0.0000453999297625  0.0000000000000000  0.0000000000000000  0.0000000000000000  0.0000000000000000  0.0000000000000000  0.0000000000000000  0.0000000000000000  0.0000000000000000
  0.0000000000000000  0.0000000000000000  0.0000000000000000  0.0000000000000000  0.0000453999297625  0.0000000000000000  0.0000000000000000  0.0000000000000000  0.0000000000000000  0.0000000000000000  0.0000000000000000  0.0000000000000000
  0.0000000000000000  0.0000000000000000  0.0000000000000000  0.0000000000000000  0.0000000000000000  0.0000453999297625  0.0000000000000000  0.0000000000000000  0.0000000000000000  0.0000000000000000  0.0000000000000000  0.0000000000000000
  0.0000000000000000  0.0000000000000000  0.0000000000000000  0.0000000000000000  0.0000000000000000  0.0000000000000000  0.0000453999297625  0.0000000000000000  0.0000000000000000  0.0000000000000000  0.0000000000000000  0.0000000000000000
  0.0000000000000000  0.0000000000000000  0.0000000000000000  0.0000000000000000  0.0000000000000000  0.0000000000000000  0.0000000000000000  0.0000453999297625  0.0000000000000000  0.0000000000000000  0.0000000000000000  0.0000000000000000
  0.0000000000000000  0.0000000000000000  0.0000000000000000  0.0000000000000000  0.0000000000000000  0.0000000000000000  0.0000000000000000  0.0000000000000000  0.0000453999297625  0.0000000000000000  0.0000000000000000  0.0000000000000000
  0.0000000000000000  0.0000000000000000  0.0000000000000000  0.0000000000000000  0.0000000000000000  0.0000000000000000  0.0000000000000000  0.0000000000000000  0.0000000000000000  0.0000453999297625  0.0000000000000000  0.0000000000000000
  0.0000000000000000  0.0000000000000000  0.0000000000000000  0.0000000000000000  0.0000000000000000  0.0000000000000000  0.0000000000000000  0.0000000000000000  0.0000000000000000  0.0000000000000000  0.0000453999297625  0.0000000000000000
  0.0000000000000000  0.0000000000000000  0.0000000000000000  0.0000000000000000  0.0000000000000000  0.0000000000000000  0.0000000000000000  0.0000000000000000  0.0000000000000000  0.0000000000000000  0.0000000000000000  0.0000453999297625



  0.0000453999297625  0.0000000000000000  0.0000000000000000  0.0000000000000000  0.0000000000000000  0.0000000000000000  0.0000000000000000  0.0000000000000000  0.0000000000000000  0.0000000000000000  0.0000000000000000  0.0000000000000000
  0.0000000000000000  0.0000453999297625  0.0000000000000000  0.0000000000000000  0.0000000000000000  0.0000000000000000  0.0000000000000000  0.0000000000000000  0.0000000000000000  0.0000000000000000  0.0000000000000000  0.0000000000000000
  0.0000000000000000  0.0000000000000000  0.0000453999297625  0.0000000000000000  0.0000000000000000  0.0000000000000000  0.0000000000000000  0.0000000000000000  0.0000000000000000  0.0000000000000000  0.0000000000000000  0.0000000000000000
  0.0000000000000000  0.0000000000000000  0.0000000000000000  0.0000453999297625  0.0000000000000000  0.0000000000000000  0.0000000000000000  0.0000000000000000  0.0000000000000000  0.0000000000000000  0.0000000000000000  0.0000000000000000
  0.0000000000000000  0.0000000000000000  0.0000000000000000  0.0000000000000000  0.0000453999297625  0.0000000000000000  0.0000000000000000  0.0000000000000000  0.0000000000000000  0.0000000000000000  0.0000000000000000  0.0000000000000000
  0.0000000000000000  0.0000000000000000  0.0000000000000000  0.0000000000000000  0.0000000000000000  0.0000453999297625  0.0000000000000000  0.0000000000000000  0.0000000000000000  0.0000000000000000  0.0000000000000000  0.0000000000000000
  0.0000000000000000  0.0000000000000000  0.0000000000000000  0.0000000000000000  0.0000000000000000  0.0000000000000000  0.0000453999297625  0.0000000000000000  0.0000000000000000  0.0000000000000000  0.0000000000000000  0.0000000000000000
  0.0000000000000000  0.0000000000000000  0.0000000000000000  0.0000000000000000  0.0000000000000000  0.0000000000000000  0.0000000000000000  0.0000453999297625  0.0000000000000000  0.0000000000000000  0.0000000000000000  0.0000000000000000
  0.0000000000000000  0.0000000000000000  0.0000000000000000  0.0000000000000000  0.0000000000000000  0.0000000000000000  0.0000000000000000  0.0000000000000000  0.0000453999297625  0.0000000000000000  0.0000000000000000  0.0000000000000000
  0.0000000000000000  0.0000000000000000  0.0000000000000000  0.0000000000000000  0.0000000000000000  0.0000000000000000  0.0000000000000000  0.0000000000000000  0.0000000000000000  0.0000453999297625  0.0000000000000000  0.0000000000000000
  0.0000000000000000  0.0000000000000000  0.0000000000000000  0.0000000000000000  0.0000000000000000  0.0000000000000000  0.0000000000000000  0.0000000000000000  0.0000000000000000  0.0000000000000000  0.0000453999297625  0.0000000000000000
  0.0000000000000000  0.0000000000000000  0.0000000000000000  0.0000000000000000  0.0000000000000000  0.0000000000000000  0.0000000000000000  0.0000000000000000  0.0000000000000000  0.0000000000000000  0.0000000000000000  0.0000453999297625



  0.0000612578634619  0.0000478692951408 -0.0000285364806355 -0.0000121527385077 -0.0000191955336369 -0.0000944884543028 -0.0000609857622628 -0.0000228267467429 -0.0000600948412694  0.0000219118591800  0.0000075609304509  0.0000041901032880
  0.0000478692951408  0.0001898998034989 -0.0000861411858392 -0.0000366846675880 -0.0000579442872238 -0.0002852260447147 -0.0001840936851226 -0.0000689055899499 -0.0001814043208719  0.0000661438794017  0.0000228236804462  0.0000126483875368
 -0.0000285364806355 -0.0000861411858392  0.0000967515587010  0.0000218689517605  0.0000345425188618  0.0001700327418193  0.0001097443750774  0.0000410769163720  0.0001081411555055 -0.0000394305687634 -0.0000136059558255 -0.0000075401249372
 -0.0000121527385077 -0.0000366846675880  0.0000218689517605  0.0000547131893609  0.0000147105105386  0.0000724112926000  0.0000467364812795  0.0000174932932251  0.0000460537233572 -0.0000167921685057 -0.0000057943243039 -0.0000032110885658
 -0.0000191955336369 -0.0000579442872238  0.0000345425188618  0.0000147105105386  0.0000686355239194  0.0001143753238761  0.0000738213611611  0.0000276310642504  0.0000727429291143 -0.0000265236214195 -0.0000091522702483 -0.0000050719892094
 -0.0000944884543028 -0.0002852260447147  0.0001700327418193  0.0000724112926000  0.0001143753238761  0.0006084031662359  0.0003633796508380  0.0001360116681901  0.0003580711567322 -0.0001305603708571 -0.0000450513064902 -0.0000249664546817
 -0.0000609857622628 -0.0001840936851226  0.0001097443750774  0.0000467364812795  0.0000738213611611  0.0003633796508380  0.0002799363623952  0.0000877861250077  0.0002311101668323 -0.0000842676896007 -0.0000290775025109 -0.0000161141197726
 -0.0000228267467429 -0.0000689055899499  0.0000410769163720  0.0000174932932251  0.0000276310642504  0.0001360116681901  0.0000877861250077  0.0000782579538117  0.0000865036863073 -0.0000315410866037 -0.0000108836023542 -0.0000060314558249
 -0.0000600948412694 -0.0001814043208719  0.0001081411555055  0.0000460537233572  0.0000727429291143  0.0003580711567322  0.0002311101668323  0.0000865036863073  0.0002731338839874 -0.0000830366505689 -0.0000286527188162 -0.0000158787138834
  0.0000219118591800  0.0000661438794017 -0.0000394305687634 -0.0000167921685057 -0.0000265236214195 -0.0001305603708571 -0.0000842676896007 -0.0000315410866037 -0.0000830366505689  0.0000756768612862  0.0000104473915990  0.0000057897173072
  0.0000075609304509  0.0000228236804462 -0.0000136059558255 -0.0000057943243039 -0.0000091522702483 -0.0000450513064902 -0.0000290775025109 -0.0000108836023542 -0.0000286527188162  0.0000104473915990  0.0000490049183043  0.0000019978062806
  0.0000041901032880  0.0000126483875368 -0.0000075401249372 -0.0000032110885658 -0.0000050719892094 -0.0000249664546817 -0.0000161141197726 -0.0000060314558249 -0.0000158787138834  0.0000057897173072  0.0000019978062806  0.0000465070705727



  0.4155645348221289  0.3467749291282088  0.6294134508808784 -0.2274065261358940 -0.4928771404510858  0.8337377923556547  0.4443911235026144  0.6281877231668038 -0.5728814818737533 -0.2357604866995743  0.1169522354412594  0.4523783379783691
  0.3467749291282088  0.2894492879879457  0.5252822297678982 -0.1897839968738258 -0.4113346651987805  0.6958028795420740  0.3708703340953873  0.5242593553045329 -0.4781030236098884 -0.1967559091343486  0.0976034675965495  0.3775360807110176
  0.6294134508808784  0.5252822297678982  0.9534585033144326 -0.3444672361314687 -0.7465923764075693  1.2629168781936702  0.6731480601734936  0.9515569118094822 -0.8677806271661561 -0.3571218533278225  0.1771551369833840  0.6852464389648913
 -0.2274065261358940 -0.1897839968738258 -0.3444672361314687  0.1245011080138836  0.2697432380980486 -0.4562904687461984 -0.2432076783636197 -0.3437964245241415  0.3135282569339158  0.1290276936336558 -0.0640059626661507 -0.2475789383577902
 -0.4928771404510858 -0.4113346651987805 -0.7465923764075693  0.2697432380980486  0.5846826113925775 -0.9889556495843854 -0.5271239707175095 -0.7451380196378767  0.6795356374387207  0.2796521771468162 -0.1387253784417773 -0.5365985000001079
  0.8337377923556547  0.6958028795420740  1.2629168781936702 -0.4562904687461984 -0.9889556495843854  1.6729406052604554  0.8916706456461045  1.2604592627362652 -1.1494860966783090 -0.4730538904611724  0.2346646220988652  0.9076956345678964
  0.4443911235026144  0.3708703340953873  0.6731480601734936 -0.2432076783636197 -0.5271239707175095  0.8916706456461045  0.4753152154423157  0.6718379368377413 -0.6126882005699069 -0.2521426326761865  0.1250787073050952  0.4838114441413491
  0.6281877231668038  0.5242593553045329  0.9515569118094822 -0.3437964245241415 -0.7451380196378767  1.2604592627362652  0.6718379368377413  0.9497508064288722 -0.8660914530971403 -0.3564271270720230  0.1768103461489274  0.6839119642311627
 -0.5728814818737533 -0.4781030236098884 -0.8677806271661561  0.3135282569339158  0.6795356374387207 -1.1494860966783090 -0.6126882005699069 -0.8660914530971403  0.7898848666105510  0.3250464797836615 -0.1612436675750165 -0.6236997188884068
 -0.2357604866995743 -0.1967559091343486 -0.3571218533278225  0.1290276936336558  0.2796521771468162 -0.4730538904611724 -0.2521426326761865 -0.3564271270720230  0.3250464797836615  0.1338135301391831 -0.0663574110509818 -0.2566739369572492
  0.1169522354412594  0.0976034675965495  0.1771551369833840 -0.0640059626661507 -0.1387253784417773  0.2346646220988652  0.1250787073050952  0.1768103461489274 -0.1612436675750165 -0.0663574110509818  0.0329628765094223  0.1273266429818746
  0.4523783379783691  0.3775360807110176  0.6852464389648913 -0.2475789383577902 -0.5365985000001079  0.9076956345678964  0.4838114441413491  0.6839119642311627 -0.6236997188884068 -0.2566739369572492  0.1273266429818746  0.4925525881704971



  0.0000453999297625  0.0000000000000000  0.0000000000000000  0.0000000000000000  0.0000000000000000  0.0000000000000000  0.0000000000000000  0.0000000000000000  0.0000000000000000  0.0000000000000000  0.0000000000000000  0.0000000000000000
  0.0000000000000000  0.0000453999297625  0.0000000000000000  0.0000000000000000  0.0000000000000000  0.0000000000000000  0.0000000000000000  0.0000000000000000  0.0000000000000000  0.0000000000000000  0.0000000000000000  0.0000000000000000
  0.0000000000000000  0.0000000000000000  0.0000453999297625  0.0000000000000000  0.0000000000000000  0.0000000000000000  0.0000000000000000  0.0000000000000000  0.0000000000000000  0.0000000000000000  0.0000000000000000  0.0000000000000000
  0.0000000000000000  0.0000000000000000  0.0000000000000000  0.0000453999297625  0.0000000000000000  0.0000000000000000  0.0000000000000000  0.0000000000000000  0.0000000000000000  0.0000000000000000  0.0000000000000000  0.0000000000000000
  0.0000000000000000  0.0000000000000000  0.0000000000000000  0.0000000000000000  0.0000453999297625  0.0000000000000000  0.0000000000000000  0.0000000000000000  0.0000000000000000  0.0000000000000000  0.0000000000000000  0.0000000000000000
  0.0000000000000000  0.0000000000000000  0.0000000000000000  0.0000000000000000  0.0000000000000000  0.0000453999297625  0.0000000000000000  0.0000000000000000  0.0000000000000000  0.0000000000000000  0.0000000000000000  0.0000000000000000
  0.0000000000000000  0.0000000000000000  0.0000000000000000  0.0000000000000000  0.0000000000000000  0.0000000000000000  0.0000453999297625  0.0000000000000000  0.0000000000000000  0.0000000000000000  0.0000000000000000  0.0000000000000000
  0.0000000000000000  0.0000000000000000  0.0000000000000000  0.0000000000000000  0.0000000000000000  0.0000000000000000  0.0000000000000000  0.0000453999297625  0.0000000000000000  0.0000000000000000  0.0000000000000000  0.0000000000000000
  0.0000000000000000  0.0000000000000000  0.0000000000000000  0.0000000000000000  0.0000000000000000  0.0000000000000000  0.0000000000000000  0.0000000000000000  0.0000453999297625  0.0000000000000000  0.0000000000000000  0.0000000000000000
  0.0000000000000000  0.0000000000000000  0.0000000000000000  0.0000000000000000  0.0000000000000000  0.0000000000000000  0.0000000000000000  0.0000000000000000  0.0000000000000000  0.0000453999297625  0.0000000000000000  0.0000000000000000
  0.0000000000000000  0.0000000000000000  0.0000000000000000  0.0000000000000000  0.0000000000000000  0.0000000000000000  0.0000000000000000  0.0000000000000000  0.0000000000000000  0.0000000000000000  0.0000453999297625  0.0000000000000000
  0.0000000000000000  0.0000000000000000  0.0000000000000000  0.0000000000000000  0.0000000000000000  0.0000000000000000  0.0000000000000000  0.0000000000000000  0.0000000000000000  0.0000000000000000  0.0000000000000000  0.0000453999297625



  0.0000486745565720  0.0000023233407047 -0.0000133722915932 -0.0000228024468357  0.0000019364006928  0.0000069174643165  0.0000098309645035 -0.0000163866701187 -0.0000056164565898 -0.0000282567394460  0.0000055497552809 -0.0000169630390113
  0.0000023233407047  0.0000470483350142 -0.0000094876122322 -0.0000161782871705  0.0000013738721424  0.0000049079261103  0.0000069750482502 -0.0000116263073371 -0.0000039848639159 -0.0000200480960904  0.0000039375394802 -0.0000120352398314
 -0.0000133722915932 -0.0000094876122322  0.0001000071240649  0.0000931162498403 -0.0000079075009800 -0.0000282482112641 -0.0000401458033638  0.0000669167339725  0.0000229354059588  0.0001153894417071 -0.0000226630239735  0.0000692703984803
 -0.0000228024468357 -0.0000161782871705  0.0000931162498403  0.0002041818649102 -0.0000134838796660 -0.0000481688819800 -0.0000684566695619  0.0001141064908878  0.0000391094803301  0.0001967622072547 -0.0000386450142590  0.0001181199622838
  0.0000019364006928  0.0000013738721424 -0.0000079075009800 -0.0000134838796660  0.0000465449908217  0.0000040905371739  0.0000058133911383 -0.0000096900078136 -0.0000033212060684 -0.0000167091925348  0.0000032817632653 -0.0000100308347804
  0.0000069174643165  0.0000049079261103 -0.0000282482112641 -0.0000481688819800  0.0000040905371739  0.0000600126827123  0.0000207673576582 -0.0000346159157691 -0.0000118644475555 -0.0000596907672813  0.0000117235448052 -0.0000358334625248
  0.0000098309645035  0.0000069750482502 -0.0000401458033638 -0.0000684566695619  0.0000058133911383  0.0000207673576582  0.0000749140908234 -0.0000491954600145 -0.0000168615199783 -0.0000848313467888  0.0000166612717554 -0.0000509258135644
 -0.0000163866701187 -0.0000116263073371  0.0000669167339725  0.0001141064908878 -0.0000096900078136 -0.0000346159157691 -0.0000491954600145  0.0001274010166658  0.0000281054992607  0.0001414004999264 -0.0000277717169985  0.0000848853138581
 -0.0000056164565898 -0.0000039848639159  0.0000229354059588  0.0000391094803301 -0.0000033212060684 -0.0000118644475555 -0.0000168615199783  0.0000281054992607  0.0000550329616957  0.0000484643776836 -0.0000095186295822  0.0000290940549202
 -0.0000282567394460 -0.0000200480960904  0.0001153894417071  0.0001967622072547 -0.0000167091925348 -0.0000596907672813 -0.0000848313467888  0.0001414004999264  0.0000484643776836  0.0002892272024792 -0.0000478888124011  0.0001463739844094
  0.0000055497552809  0.0000039375394802 -0.0000226630239735 -0.0000386450142590  0.0000032817632653  0.0000117235448052  0.0000166612717554 -0.0000277717169985 -0.0000095186295822 -0.0000478888124011  0.0000548055156415 -0.0000287485325234
 -0.0000169630390113 -0.0000120352398314  0.0000692703984803  0.0001181199622838 -0.0000100308347804 -0.0000358334625248 -0.0000509258135644  0.0000848853138581  0.0000290940549202  0.0001463739844094 -0.0000287485325234  0.0001332709175858



  0.0000765496245337 -0.0000554271951655  0.0000011044933939 -0.0000214539690609  0.0000085959052168  0.0000240276467618 -0.0000545575635226 -0.0000263591453276  0.0000691473500877 -0.0000617168128932 -0.0000449698819970  0.0000309741136903
 -0.0000554271951655  0.0001440260635489 -0.0000019653152736  0.0000381747987885 -0.0000152953959766 -0.0000427543536530  0.0000970787272020  0.0000469029794095 -0.0001230395256401  0.0001098177641337  0.0000800185826641 -0.0000551147694126
  0.0000011044933939 -0.0000019653152736  0.0000454390924466 -0.0000007607062372  0.0000003047901623  0.0000008519626697 -0.0000019344802233 -0.0000009346320115  0.0000024517990284 -0.0000021883300184 -0.0000015945240540  0.0000010982677103
 -0.0000214539690609  0.0000381747987885 -0.0000007607062372  0.0000601760870201 -0.0000059203239687 -0.0000165487461120  0.0000375758506929  0.0000181545370664 -0.0000476243867017  0.0000425066956217  0.0000309724529926 -0.0000213330397515
  0.0000085959052168 -0.0000152953959766  0.0000003047901623 -0.0000059203239687  0.0000477720103572  0.0000066305424713 -0.0000150554170224 -0.0000072739304991  0.0000190815374505 -0.0000170310456591 -0.0000124096510767  0.0000085474527893
  0.0000240276467618 -0.0000427543536530  0.0000008519626697 -0.0000165487461120  0.0000066305424713  0.0000639339094097 -0.0000420835540808 -0.0000203324057435  0.0000533375403714 -0.0000476059168589 -0.0000346879944563  0.0000238922104366
 -0.0000545575635226  0.0000970787272020 -0.0000019344802233  0.0000375758506929 -0.0000150554170224 -0.0000420835540808  0.0001409555286017  0.0000461670894747 -0.0001211090822088  0.0001080947651194  0.0000787631214903 -0.0000542500396111
 -0.0000263591453276  0.0000469029794095 -0.0000009346320115  0.0000181545370664 -0.0000072739304991 -0.0000203324057435  0.0000461670894747  0.0000677052700717 -0.0000585130950196  0.0000522253091774  0.0000380539091515 -0.0000262105670746
  0.0000691473500877 -0.0001230395256401  0.0000024517990284 -0.0000476243867017  0.0000190815374505  0.0000533375403714 -0.0001211090822088 -0.0000585130950196  0.0001988960092348 -0.0001370014730084 -0.0000998259596661  0.0000687575881153
 -0.0000617168128932  0.0001098177641337 -0.0000021883300184  0.0000425066956217 -0.0000170310456591 -0.0000476059168589  0.0001080947651194  0.0000522253091774 -0.0001370014730084  0.0001676792978806  0.0000890987155225 -0.0000613689345336
 -0.0000449698819970  0.0000800185826641 -0.0000015945240540  0.0000309724529926 -0.0000124096510767 -0.0000346879944563  0.0000787631214903  0.0000380539091515 -0.0000998259596661  0.0000890987155225  0.0001103216024039 -0.0000447164008457
  0.0000309741136903 -0.0000551147694126  0.0000010982677103 -0.0000213330397515  0.0000085474527893  0.0000238922104366 -0.0000542500396111 -0.0000262105670746  0.0000687575881153 -0.0000613689345336 -0.0000447164008457  0.0000761994520674



  0.0000453999297625  0.0000000000000000  0.0000000000000000  0.0000000000000000  0.0000000000000000  0.0000000000000000  0.0000000000000000  0.0000000000000000  0.0000000000000000  0.0000000000000000  0.0000000000000000  0.0000000000000000
  0.0000000000000000  0.0000453999297625  0.0000000000000000  0.0000000000000000  0.0000000000000000  0.0000000000000000  0.0000000000000000  0.0000000000000000  0.0000000000000000  0.0000000000000000  0.0000000000000000  0.0000000000000000
  0.0000000000000000  0.0000000000000000  0.0000453999297625  0.0000000000000000  0.0000000000000000  0.0000000000000000  0.0000000000000000  0.0000000000000000  0.0000000000000000  0.0000000000000000  0.0000000000000000  0.0000000000000000
  0.0000000000000000  0.0000000000000000  0.0000000000000000  0.0000453999297625  0.0000000000000000  0.0000000000000000  0.0000000000000000  0.0000000000000000  0.0000000000000000  0.0000000000000000  0.0000000000000000  0.0000000000000000
  0.0000000000000000  0.0000000000000000  0.0000000000000000  0.0000000000000000  0.0000453999297625  0.0000000000000000  0.0000000000000000  0.0000000000000000  0.0000000000000000  0.0000000000000000  0.0000000000000000  0.0000000000000000
  0.0000000000000000  0.0000000000000000  0.0000000000000000  0.0000000000000000  0.0000000000000000  0.0000453999297625  0.0000000000000000  0.0000000000000000  0.0000000000000000  0.0000000000000000  0.0000000000000000  0.0000000000000000
  0.0000000000000000  0.0000000000000000  0.0000000000000000  0.0000000000000000  0.0000000000000000  0.0000000000000000  0.0000453999297625  0.0000000000000000  0.0000000000000000  0.0000000000000000  0.0000000000000000  0.0000000000000000
  0.0000000000000000  0.0000000000000000  0.0000000000000000  0.0000000000000000  0.0000000000000000  0.0000000000000000  0.0000000000000000  0.0000453999297625  0.0000000000000000  0.0000000000000000  0.0000000000000000  0.0000000000000000
  0.0000000000000000  0.0000000000000000  0.0000000000000000  0.0000000000000000  0.0000000000000000  0.0000000000000000  0.0000000000000000  0.0000000000000000  0.0000453999297625  0.0000000000000000  0.0000000000000000  0.0000000000000000
  0.0000000000000000  0.0000000000000000  0.0000000000000000  0.0000000000000000  0.0000000000000000  0.0000000000000000  0.0000000000000000  0.0000000000000000  0.0000000000000000  0.0000453999297625  0.0000000000000000  0.0000000000000000
  0.0000000000000000  0.0000000000000000  0.0000000000000000  0.0000000000000000  0.0000000000000000  0.0000000000000000  0.0000000000000000  0.0000000000000000  0.0000000000000000  0.0000000000000000  0.0000453999297625  0.0000000000000000
  0.0000000000000000  0.0000000000000000  0.0000000000000000  0.0000000000000000  0.0000000000000000  0.0000000000000000  0.0000000000000000  0.0000000000000000  0.0000000000000000  0.0000000000000000  0.0000000000000000  0.0000453999297625



  0.0000455323616013  0.0000016940014456  0.0000092802033881 -0.0000001895938890  0.0000090834595169  0.0000011325448394  0.0000045474046364  0.0000085264494102  0.0000017471003829  0.0000033324046458  0.0000057012465588  0.0000010421682863
  0.0000016940014456  0.0000670687438691  0.0001187076921386 -0.0000024251896290  0.0001161910435351  0.0000144869437127  0.0000581681119514  0.0001090660505265  0.0000223480289942  0.0000426264434335  0.0000729274772335  0.0000133308923217
  0.0000092802033881  0.0001187076921386  0.0006957131450378 -0.0000132858523055  0.0006365263256849  0.0000793634412022  0.0003186608317299  0.0005974936646268  0.0001224286171218  0.0002335193194777  0.0003995166728225  0.0000730302753934
 -0.0000001895938890 -0.0000024251896290 -0.0000132858523055  0.0000456713587714 -0.0000130041871409 -0.0000016213894067 -0.0000065102179173 -0.0000122067526774 -0.0000025012078593 -0.0000047707829338 -0.0000081620969466 -0.0000014920032838
  0.0000090834595169  0.0001161910435351  0.0006365263256849 -0.0000130041871409  0.0006684316532042  0.0000776809058090  0.0003119050998754  0.0005848265697689  0.0001198330834816  0.0002285686203388  0.0003910467661247  0.0000714820055444
  0.0000011325448394  0.0000144869437127  0.0000793634412022 -0.0000016213894067  0.0000776809058090  0.0000550853484984  0.0000388889839364  0.0000729174068856  0.0000149410409141  0.0000284984163717  0.0000487565333566  0.0000089125268117
  0.0000045474046364  0.0000581681119514  0.0003186608317299 -0.0000065102179173  0.0003119050998754  0.0000388889839364  0.0002015473419534  0.0002927786544254  0.0000599914072838  0.0001144271080794  0.0001957676889554  0.0000357856610502
  0.0000085264494102  0.0001090660505265  0.0005974936646268 -0.0000122067526774  0.0005848265697689  0.0000729174068856  0.0002927786544254  0.0005943641379064  0.0001124847556240  0.0002145524812944  0.0003670672459319  0.0000670986316264
  0.0000017471003829  0.0000223480289942  0.0001224286171218 -0.0000025012078593  0.0001198330834816  0.0000149410409141  0.0000599914072838  0.0001124847556240  0.0000684484638201  0.0000439625809277  0.0000752134088957  0.0000137487527770
  0.0000033324046458  0.0000426264434335  0.0002335193194777 -0.0000047707829338  0.0002285686203388  0.0000284984163717  0.0001144271080794  0.0002145524812944  0.0000439625809277  0.0001292537886237  0.0001434614265343  0.0000262242559594
  0.0000057012465588  0.0000729274772335  0.0003995166728225 -0.0000081620969466  0.0003910467661247  0.0000487565333566  0.0001957676889554  0.0003670672459319  0.0000752134088957  0.0001434614265343  0.0002908410004865  0.0000448657846022
  0.0000010421682863  0.0000133308923217  0.0000730302753934 -0.0000014920032838  0.0000714820055444  0.0000089125268117  0.0000357856610502  0.0000670986316264  0.0000137487527770  0.0000262242559594  0.0000448657846022  0.0000536012410672



  0.0000453999297625  0.0000000000000000  0.0000000000000000  0.0000000000000000  0.0000000000000000  0.0000000000000000  0.0000000000000000  0.0000000000000000  0.0000000000000000  0.0000000000000000  0.0000000000000000  0.0000000000000000
  0.0000000000000000  0.0000453999297625  0.0000000000000000  0.0000000000000000  0.0000000000000000  0.0000000000000000  0.0000000000000000  0.0000000000000000  0.0000000000000000  0.0000000000000000  0.0000000000000000  0.0000000000000000
  0.0000000000000000  0.0000000000000000  0.0000453999297625  0.0000000000000000  0.0000000000000000  0.0000000000000000  0.0000000000000000  0.0000000000000000  0.0000000000000000  0.0000000000000000  0.0000000000000000  0.0000000000000000
  0.0000000000000000  0.0000000000000000  0.0000000000000000  0.0000453999297625  0.0000000000000000  0.0000000000000000  0.0000000000000000  0.0000000000000000  0.0000000000000000  0.0000000000000000  0.0000000000000000  0.0000000000000000
  0.0000000000000000  0.0000000000000000  0.0000000000000000  0.0000000000000000  0.0000453999297625  0.0000000000000000  0.0000000000000000  0.0000000000000000  0.0000000000000000  0.0000000000000000  0.0000000000000000  0.0000000000000000
  0.0000000000000000  0.0000000000000000  0.0000000000000000  0.0000000000000000  0.0000000000000000  0.0000453999297625  0.0000000000000000  0.0000000000000000  0.0000000000000000  0.0000000000000000  0.0000000000000000  0.0000000000000000
  0.0000000000000000  0.0000000000000000  0.0000000000000000  0.0000000000000000  0.0000000000000000  0.0000000000000000  0.0000453999297625  0.0000000000000000  0.0000000000000000  0.0000000000000000  0.0000000000000000  0.0000000000000000
  0.0000000000000000  0.0000000000000000  0.0000000000000000  0.0000000000000000  0.0000000000000000  0.0000000000000000  0.0000000000000000  0.0000453999297625  0.0000000000000000  0.0000000000000000  0.0000000000000000  0.0000000000000000
  0.0000000000000000  0.0000000000000000  0.0000000000000000  0.0000000000000000  0.0000000000000000  0.0000000000000000  0.0000000000000000  0.0000000000000000  0.0000453999297625  0.0000000000000000  0.0000000000000000  0.0000000000000000
  0.0000000000000000  0.0000000000000000  0.0000000000000000  0.0000000000000000  0.0000000000000000  0.0000000000000000  0.0000000000000000  0.0000000000000000  0.0000000000000000  0.0000453999297625  0.0000000000000000  0.0000000000000000
  0.0000000000000000  0.0000000000000000  0.0000000000000000  0.0000000000000000  0.0000000000000000  0.0000000000000000  0.0000000000000000  0.0000000000000000  0.0000000000000000  0.0000000000000000  0.0000453999297625  0.0000000000000000
  0.0000000000000000  0.0000000000000000  0.0000000000000000  0.0000000000000000  0.0000000000000000  0.0000000000000000  0.0000000000000000  0.0000000000000000  0.0000000000000000  0.0000000000000000  0.0000000000000000  0.0000453999297625



  0.0001112278040309 -0.0001353216649523  0.0000940502505181 -0.0001347764072683 -0.0000226308016079  0.0000993974657268 -0.0000643424527702 -0.0000187310126796  0.0001850445296614  0.0000711004255385 -0.0000366628920816  0.0000122147264053
 -0.0001353216649523  0.0003235792452728 -0.0001933381053353  0.0002770584350557  0.0000465218995270 -0.0002043303190887  0.0001322680996879  0.0000385051446703 -0.0003803940826345 -0.0001461603928369  0.0000753675195135 -0.0000251096838910
  0.0000940502505181 -0.0001933381053353  0.0001797723323478 -0.0001925590793930 -0.0000323333023329  0.0001420121286973 -0.0000919279844479 -0.0000267615573881  0.0002643786475727  0.0001015833020306 -0.0000523813691893  0.0000174515445196
 -0.0001347764072683  0.0002770584350557 -0.0001925590793930  0.0003213420007777  0.0000463344467403 -0.0002035070017241  0.0001317351458720  0.0000383499941553 -0.0003788613436115 -0.0001455714621780  0.0000750638377701 -0.0000250085083099
 -0.0000226308016079  0.0000465218995270 -0.0000323333023329  0.0000463344467403  0.0000531801169113 -0.0000341716081856  0.0000221201322356  0.0000064394883866 -0.0000636159998471 -0.0000244434389304  0.0000126042447260 -0.0000041992704921
  0.0000993974657268 -0.0002043303190887  0.0001420121286973 -0.0002035070017241 -0.0000341716081856  0.0001954861402427 -0.0000971545384851 -0.0000282830823802  0.0002794098624536  0.0001073588079391 -0.0000553595053711  0.0000184437498966
 -0.0000643424527702  0.0001322680996879 -0.0000919279844479  0.0001317351458720  0.0000221201322356 -0.0000971545384851  0.0001082904799206  0.0000183083429636 -0.0001808689562353 -0.0000694960276781  0.0000358355852805 -0.0000119390982250
 -0.0000187310126796  0.0000385051446703 -0.0000267615573881  0.0000383499941553  0.0000064394883866 -0.0000282830823802  0.0000183083429636  0.0000507297515120 -0.0000526535524639 -0.0000202312923983  0.0000104322538755 -0.0000034756430724
  0.0001850445296614 -0.0003803940826345  0.0002643786475727 -0.0003788613436115 -0.0000636159998471  0.0002794098624536 -0.0001808689562353 -0.0000526535524639  0.0005655667791125  0.0001998658615171 -0.0001030607124516  0.0000343360366368
  0.0000711004255385 -0.0001461603928369  0.0001015833020306 -0.0001455714621780 -0.0000244434389304  0.0001073588079391 -0.0000694960276781 -0.0000202312923983  0.0001998658615171  0.0001221952169860 -0.0000395994441177  0.0000131930774752
 -0.0000366628920816  0.0000753675195135 -0.0000523813691893  0.0000750638377701  0.0000126042447260 -0.0000553595053711  0.0000358355852805  0.0000104322538755 -0.0001030607124516 -0.0000395994441177  0.0000658193595364 -0.0000068030025423
  0.0000122147264053 -0.0000251096838910  0.0000174515445196 -0.0000250085083099 -0.0000041992704921  0.0000184437498966 -0.0000119390982250 -0.0000034756430724  0.0000343360366368  0.0000131930774752 -0.0000068030025423  0.0000476664398513



  0.0000453999297625  0.0000000000000000  0.0000000000000000  0.0000000000000000  0.0000000000000000  0.0000000000000000  0.0000000000000000  0.0000000000000000  0.0000000000000000  0.0000000000000000  0.0000000000000000  0.0000000000000000
  0.0000000000000000  0.0000453999297625  0.0000000000000000  0.0000000000000000  0.0000000000000000  0.0000000000000000  0.0000000000000000  0.0000000000000000  0.0000000000000000  0.0000000000000000  0.0000000000000000  0.0000000000000000
  0.0000000000000000  0.0000000000000000  0.0000453999297625  0.0000000000000000  0.0000000000000000  0.0000000000000000  0.0000000000000000  0.0000000000000000  0.0000000000000000  0.0000000000000000  0.0000000000000000  0.0000000000000000
  0.0000000000000000  0.0000000000000000  0.0000000000000000  0.0000453999297625  0.0000000000000000  0.0000000000000000  0.0000000000000000  0.0000000000000000  0.0000000000000000  0.0000000000000000  0.0000000000000000  0.0000000000000000
  0.0000000000000000  0.0000000000000000  0.0000000000000000  0.0000000000000000  0.0000453999297625  0.0000000000000000  0.0000000000000000  0.0000000000000000  0.0000000000000000  0.0000000000000000  0.0000000000000000  0.0000000000000000
  0.0000000000000000  0.0000000000000000  0.0000000000000000  0.0000000000000000  0.0000000000000000  0.0000453999297625  0.0000000000000000  0.0000000000000000  0.0000000000000000  0.0000000000000000  0.0000000000000000  0.0000000000000000
  0.0000000000000000  0.0000000000000000  0.0000000000000000  0.0000000000000000  0.0000000000000000  0.0000000000000000  0.0000453999297625  0.0000000000000000  0.0000000000000000  0.0000000000000000  0.0000000000000000  0.0000000000000000
  0.0000000000000000  0.0000000000000000  0.0000000000000000  0.0000000000000000  0.0000000000000000  0.0000000000000000  0.0000000000000000  0.0000453999297625  0.0000000000000000  0.0000000000000000  0.0000000000000000  0.0000000000000000
  0.0000000000000000  0.0000000000000000  0.0000000000000000  0.0000000000000000  0.0000000000000000  0.0000000000000000  0.0000000000000000  0.0000000000000000  0.0000453999297625  0.0000000000000000  0.0000000000000000  0.0000000000000000
