
  0.0000453999297625  0.0000000000000000  0.0000000000000000  0.0000000000000000  0.0000000000000000  0.0000000000000000  0.0000000000000000  0.0000000000000000  0.0000000000000000  0.0000000000000000  0.0000000000000000  0.0000000000000000
  0.0000000000000000  0.0000453999297625  0.0000000000000000  0.0000000000000000  0.0000000000000000  0.0000000000000000  0.0000000000000000  0.0000000000000000  0.0000000000000000  0.0000000000000000  0.0000000000000000  0.0000000000000000
  0.0000000000000000  0.0000000000000000  0.0000453999297625  0.0000000000000000  0.0000000000000000  0.0000000000000000  0.0000000000000000  0.0000000000000000  0.0000000000000000  0.0000000000000000  0.0000000000000000  0.0000000000000000
  0.0000000000000000  0.0000000000000000  0.0000000000000000  0.0000453999297625  0.0000000000000000  0.0000000000000000  0.0000000000000000  0.0000000000000000  0.0000000000000000  0.0000000000000000  0.0000000000000000  0.0000000000000000
  0.0000000000000000  0.0000000000000000  0.0000000000000000  0.0000000000000000  0.0000453999297625  0.0000000000000000  0.0000000000000000  0.0000000000000000  0.0000000000000000  0.0000000000000000  0.0000000000000000  0.0000000000000000
  0.0000000000000000  0.0000000000000000  0.0000000000000000  0.0000000000000000  0.0000000000000000  0.0000453999297625  0.0000000000000000  0.0000000000000000  0.0000000000000000  0.0000000000000000  0.0000000000000000  0.0000000000000000
  0.0000000000000000  0.0000000000000000  0.0000000000000000  0.0000000000000000  0.0000000000000000  0.0000000000000000  0.0000453999297625  0.0000000000000000  0.0000000000000000  0.0000000000000000  0.0000000000000000  0.0000000000000000
  0.0000000000000000  0.0000000000000000  0.0000000000000000  0.0000000000000000  0.0000000000000000  0.0000000000000000  0.0000000000000000  0.0000453999297625  0.0000000000000000  0.0000000000000000  0.0000000000000000  0.0000000000000000
  0.0000000000000000  0.0000000000000000  0.0000000000000000  0.0000000000000000  0.0000000000000000  0.0000000000000000  0.0000000000000000  0.0000000000000000  0.0000453999297625  0.0000000000000000  0.0000000000000000  0.0000000000000000
  0.0000000000000000  0.0000000000000000  0.0000000000000000  0.0000000000000000  0.0000000000000000  0.0000000000000000  0.0000000000000000  0.0000000000000000  0.0000000000000000  0.0000453999297625  0.0000000000000000  0.0000000000000000
  0.0000000000000000  0.0000000000000000  0.0000000000000000  0.0000000000000000  0.0000000000000000  0.0000000000000000  0.0000000000000000  0.0000000000000000  0.0000000000000000  0.0000000000000000  0.0000453999297625  0.0000000000000000
  0.0000000000000000  0.0000000000000000  0.0000000000000000  0.0000000000000000  0.0000000000000000  0.0000000000000000  0.0000000000000000  0.0000000000000000  0.0000000000000000  0.0000000000000000  0.0000000000000000  0.0000453999297625



  0.0000453999297625  0.0000000000000000  0.0000000000000000  0.0000000000000000  0.0000000000000000  0.0000000000000000  0.0000000000000000  0.0000000000000000  0.0000000000000000  0.0000000000000000  0.0000000000000000  0.0000000000000000
  0.0000000000000000  0.0000453999297625  0.0000000000000000  0.0000000000000000  0.0000000000000000  0.0000000000000000  0.0000000000000000  0.0000000000000000  0.0000000000000000  0.0000000000000000  0.0000000000000000  0.0000000000000000
  0.0000000000000000  0.0000000000000000  0.0000453999297625  0.0000000000000000  0.0000000000000000  0.0000000000000000  0.0000000000000000  0.0000000000000000  0.0000000000000000  0.0000000000000000  0.0000000000000000  0.0000000000000000
  0.0000000000000000  0.0000000000000000  0.0000000000000000  0.0000453999297625  0.0000000000000000  0.0000000000000000  0.0000000000000000  0.0000000000000000  0.0000000000000000  0.0000000000000000  0.0000000000000000  0.0000000000000000
  0.0000000000000000  0.0000000000000000  0.0000000000000000  0.0000000000000000  0.0000453999297625  0.0000000000000000  0.0000000000000000  0.0000000000000000  0.0000000000000000  0.0000000000000000  0.0000000000000000  0.0000000000000000
  0.0000000000000000  0.0000000000000000  0.0000000000000000  0.0000000000000000  0.0000000000000000  0.0000453999297625  0.0000000000000000  0.0000000000000000  0.0000000000000000  0.0000000000000000  0.0000000000000000  0.0000000000000000
  0.0000000000000000  0.0000000000000000  0.0000000000000000  0.0000000000000000  0.0000000000000000  0.0000000000000000  0.0000453999297625  0.0000000000000000  0.0000000000000000  0.0000000000000000  0.0000000000000000  0.0000000000000000
  0.0000000000000000  0.0000000000000000  0.0000000000000000  0.0000000000000000  0.0000000000000000  0.0000000000000000  0.0000000000000000  0.0000453999297625  0.0000000000000000  0.0000000000000000  0.0000000000000000  0.0000000000000000
  0.0000000000000000  0.0000000000000000  0.0000000000000000  0.0000000000000000  0.0000000000000000  0.0000000000000000  0.0000000000000000  0.0000000000000000  0.0000453999297625  0.0000000000000000  0.0000000000000000  0.0000000000000000
  0.0000000000000000  0.0000000000000000  0.0000000000000000  0.0000000000000000  0.0000000000000000  0.0000000000000000  0.0000000000000000  0.0000000000000000  0.0000000000000000  0.0000453999297625  0.0000000000000000  0.0000000000000000
  0.0000000000000000  0.0000000000000000  0.0000000000000000  0.0000000000000000  0.0000000000000000  0.0000000000000000  0.0000000000000000  0.0000000000000000  0.0000000000000000  0.0000000000000000  0.0000453999297625  0.0000000000000000
  0.0000000000000000  0.0000000000000000  0.0000000000000000  0.0000000000000000  0.0000000000000000  0.0000000000000000  0.0000000000000000  0.0000000000000000  0.0000000000000000  0.0000000000000000  0.0000000000000000  0.0000453999297625



  0.0000577683726735  0.0000030071771689  0.0000050045351094 -0.0000036486105461 -0.0000008913746321  0.0000053703694571 -0.0000329081114596  0.0000057940555322  0.0000117419089579  0.0000022642893457  0.0000287685302652  0.0000156522648775
  0.0000030071771689  0.0000461310739001  0.0000012167678527 -0.0000008870977868 -0.0000002167226273  0.0000013057142711 -0.0000080010492967  0.0000014087263561  0.0000028548460620  0.0000005505235601  0.0000069945803219  0.0000038055827982
  0.0000050045351094  0.0000012167678527  0.0000474248711267 -0.0000014763054420 -0.0000003606691379  0.0000021729657235 -0.0000133153219341  0.0000023443981223  0.0000047510261440  0.0000009161796363  0.0000116403593236  0.0000063332393321
 -0.0000036486105461 -0.0000008870977868 -0.0000014763054420  0.0000464762462408  0.0000002629497429 -0.0000015842242050  0.0000097076797287 -0.0000017092088528 -0.0000034637870881 -0.0000006679506907 -0.0000084865300892 -0.0000046173167563
 -0.0000008913746321 -0.0000002167226273 -0.0000003606691379  0.0000002629497429  0.0000454641697594 -0.0000003870342559  0.0000023716369116 -0.0000004175686589 -0.0000008462212951 -0.0000001631838459 -0.0000020733036702 -0.0000011280346239
  0.0000053703694571  0.0000013057142711  0.0000021729657235 -0.0000015842242050 -0.0000003870342559  0.0000477317405097 -0.0000142886795004  0.0000025157749514  0.0000050983288430  0.0000009831528861  0.0000124912761755  0.0000067962027102
 -0.0000329081114596 -0.0000080010492967 -0.0000133153219341  0.0000097076797287  0.0000023716369116 -0.0000142886795004  0.0001329569333105 -0.0000154159603298 -0.0000312411231969 -0.0000060244839791 -0.0000765430222148 -0.0000416452160465
  0.0000057940555322  0.0000014087263561  0.0000023443981223 -0.0000017092088528 -0.0000004175686589  0.0000025157749514 -0.0000154159603298  0.0000481141824580  0.0000055005527410  0.0000010607170445  0.0000134767539565  0.0000073323774511
  0.0000117419089579  0.0000028548460620  0.0000047510261440 -0.0000034637870881 -0.0000008462212951  0.0000050983288430 -0.0000312411231969  0.0000055005527410  0.0000565470423754  0.0000021495898507  0.0000273112359945  0.0000148593861410
  0.0000022642893457  0.0000005505235601  0.0000009161796363 -0.0000006679506907 -0.0000001631838459  0.0000009831528861 -0.0000060244839791  0.0000010607170445  0.0000021495898507  0.0000458144529387  0.0000052666513512  0.0000028654582353
  0.0000287685302652  0.0000069945803219  0.0000116403593236 -0.0000084865300892 -0.0000020733036702  0.0000124912761755 -0.0000765430222148  0.0000134767539565  0.0000273112359945  0.0000052666513512  0.0001123144427353  0.0000364065759198
  0.0000156522648775  0.0000038055827982  0.0000063332393321 -0.0000046173167563 -0.0000011280346239  0.0000067962027102 -0.0000416452160465  0.0000073323774511  0.0000148593861410  0.0000028654582353  0.0000364065759198  0.0000652078714379



  0.0000453999297625  0.0000000000000000  0.0000000000000000  0.0000000000000000  0.0000000000000000  0.0000000000000000  0.0000000000000000  0.0000000000000000  0.0000000000000000  0.0000000000000000  0.0000000000000000  0.0000000000000000
  0.0000000000000000  0.0000453999297625  0.0000000000000000  0.0000000000000000  0.0000000000000000  0.0000000000000000  0.0000000000000000  0.0000000000000000  0.0000000000000000  0.0000000000000000  0.0000000000000000  0.0000000000000000
  0.0000000000000000  0.0000000000000000  0.0000453999297625  0.0000000000000000  0.0000000000000000  0.0000000000000000  0.0000000000000000  0.0000000000000000  0.0000000000000000  0.0000000000000000  0.0000000000000000  0.0000000000000000
  0.0000000000000000  0.0000000000000000  0.0000000000000000  0.0000453999297625  0.0000000000000000  0.0000000000000000  0.0000000000000000  0.0000000000000000  0.0000000000000000  0.0000000000000000  0.0000000000000000  0.0000000000000000
  0.0000000000000000  0.0000000000000000  0.0000000000000000  0.0000000000000000  0.0000453999297625  0.0000000000000000  0.0000000000000000  0.0000000000000000  0.0000000000000000  0.0000000000000000  0.0000000000000000  0.0000000000000000
  0.0000000000000000  0.0000000000000000  0.0000000000000000  0.0000000000000000  0.0000000000000000  0.0000453999297625  0.0000000000000000  0.0000000000000000  0.0000000000000000  0.0000000000000000  0.0000000000000000  0.0000000000000000
  0.0000000000000000  0.0000000000000000  0.0000000000000000  0.0000000000000000  0.0000000000000000  0.0000000000000000  0.0000453999297625  0.0000000000000000  0.0000000000000000  0.0000000000000000  0.0000000000000000  0.0000000000000000
  0.0000000000000000  0.0000000000000000  0.0000000000000000  0.0000000000000000  0.0000000000000000  0.0000000000000000  0.0000000000000000  0.0000453999297625  0.0000000000000000  0.0000000000000000  0.0000000000000000  0.0000000000000000
  0.0000000000000000  0.0000000000000000  0.0000000000000000  0.0000000000000000  0.0000000000000000  0.0000000000000000  0.0000000000000000  0.0000000000000000  0.0000453999297625  0.0000000000000000  0.0000000000000000  0.0000000000000000
  0.0000000000000000  0.0000000000000000  0.0000000000000000  0.0000000000000000  0.0000000000000000  0.0000000000000000  0.0000000000000000  0.0000000000000000  0.0000000000000000  0.0000453999297625  0.0000000000000000  0.0000000000000000
  0.0000000000000000  0.0000000000000000  0.0000000000000000  0.0000000000000000  0.0000000000000000  0.0000000000000000  0.0000000000000000  0.0000000000000000  0.0000000000000000  0.0000000000000000  0.0000453999297625  0.0000000000000000
  0.0000000000000000  0.0000000000000000  0.0000000000000000  0.0000000000000000  0.0000000000000000  0.0000000000000000  0.0000000000000000  0.0000000000000000  0.0000000000000000  0.0000000000000000  0.0000000000000000  0.0000453999297625



  0.4085421151944376 -0.1694492194676218 -0.1529988119057364  0.3485952003369265  0.2495838857362556  0.2775499641585620  0.1192932750902253 -0.2170988189635038 -0.3099800260000362  0.0484744226594455 -0.1763230554473069  0.0978231290829456
 -0.1694492194676218  0.0703350677529588  0.0634656276710520 -0.1446013743780881 -0.1035303366198476 -0.1151311150567196 -0.0494843030171825  0.0900550684589160  0.1285834112779415 -0.0201078491494873  0.0731409178568254 -0.0405780638683720
 -0.1529988119057364  0.0634656276710520  0.0573497779387522 -0.1305632300407135 -0.0934794157154892 -0.1039538036414563 -0.0446802085837258  0.0813124620352301  0.1161002297399487 -0.0181556204458651  0.0660402083439602 -0.0366388379873433
  0.3485952003369265 -0.1446013743780881 -0.1305632300407135  0.2975229786069011  0.2129851762250303  0.2368503429865746  0.1018002404305863 -0.1852636818692872 -0.2645248935254699  0.0413661887257235 -0.1504672355254073  0.0834784480908681
  0.2495838857362556 -0.1035303366198476 -0.0934794157154892  0.2129851762250303  0.1525365086719867  0.1695778775837722  0.0728859767627834 -0.1326433272833957 -0.1893920319948104  0.0296169813031270 -0.1077301097842878  0.0597680952570099
  0.2775499641585620 -0.1151311150567196 -0.1039538036414563  0.2368503429865746  0.1695778775837722  0.1886247311512520  0.0810529553231063 -0.1475060695671785 -0.2106136187805869  0.0329356619557626 -0.1198013973599981  0.0664650660693526
  0.1192932750902253 -0.0494843030171825 -0.0446802085837258  0.1018002404305863  0.0728859767627834  0.0810529553231063  0.0348826302346466 -0.0633993332369067 -0.0905234769747541  0.0141560177209552 -0.0514916320342602  0.0285672398075228
 -0.2170988189635038  0.0900550684589160  0.0813124620352301 -0.1852636818692872 -0.1326433272833957 -0.1475060695671785 -0.0633993332369067  0.1154243158778306  0.1647413142652990 -0.0257620774949183  0.0937082647016330 -0.0519889268583785
 -0.3099800260000362  0.1285834112779415  0.1161002297399487 -0.2645248935254699 -0.1893920319948104 -0.2106136187805869 -0.0905234769747541  0.1647413142652990  0.2352679258688181 -0.0367839429200201  0.1337994473274169 -0.0742311832705726
  0.0484744226594455 -0.0201078491494873 -0.0181556204458651  0.0413661887257235  0.0296169813031270  0.0329356619557626  0.0141560177209552 -0.0257620774949183 -0.0367839429200201  0.0057976924547606 -0.0209234754495305  0.0116081489179535
 -0.1763230554473069  0.0731409178568254  0.0660402083439602 -0.1504672355254073 -0.1077301097842878 -0.1198013973599981 -0.0514916320342602  0.0937082647016330  0.1337994473274169 -0.0209234754495305  0.0761532992713778 -0.0422242244465659
  0.0978231290829456 -0.0405780638683720 -0.0366388379873433  0.0834784480908681  0.0597680952570099  0.0664650660693526  0.0285672398075228 -0.0519889268583785 -0.0742311832705726  0.0116081489179535 -0.0422242244465659  0.0234712951108747



  0.0001643523617686  0.0000086413985871  0.0000573576758771 -0.0000411580081668  0.0000019707780884  0.0000686240941558 -0.0000700275645392  0.0001167755179218  0.0000236931340790 -0.0000567310382493  0.0000877273867199  0.0001090451113797
  0.0000086413985871  0.0000460276913667  0.0000041667961800 -0.0000029899578144  0.0000001431688172  0.0000049852545280 -0.0000050872108040  0.0000084832548486  0.0000017212074768 -0.0000041212735671  0.0000063730291417  0.0000079216730210
  0.0000573576758771  0.0000041667961800  0.0000730572287898 -0.0000198459808880  0.0000009502895310  0.0000330898535117 -0.0000337665929276  0.0000563079896255  0.0000114245928570 -0.0000273551406154  0.0000423012705849  0.0000525804647203
 -0.0000411580081668 -0.0000029899578144 -0.0000198459808880  0.0000596407620657 -0.0000006818969507 -0.0000237442058146  0.0000242298120736 -0.0000404047873528 -0.0000081979173479  0.0000196291618103 -0.0000303540199908 -0.0000377300363601
  0.0000019707780884  0.0000001431688172  0.0000009502895310 -0.0000006818969507  0.0000454325811863  0.0000011369491049 -0.0000011602014978  0.0000019347114481  0.0000003925427055 -0.0000009399075347  0.0000014534483119  0.0000018066357495
  0.0000686240941558  0.0000049852545280  0.0000330898535117 -0.0000237442058146  0.0000011369491049  0.0000849894212868 -0.0000403991587342  0.0000673682244390  0.0000136686559196 -0.0000327283439668  0.0000506102510456  0.0000629085245619
 -0.0000700275645392 -0.0000050872108040 -0.0000337665929276  0.0000242298120736 -0.0000011602014978 -0.0000403991587342  0.0000866253146712 -0.0000687460103164 -0.0000139482013766  0.0000333976899453 -0.0000516453100771 -0.0000641951025804
  0.0001167755179218  0.0000084832548486  0.0000563079896255 -0.0000404047873528  0.0000019347114481  0.0000673682244390 -0.0000687460103164  0.0001600383726754  0.0000232595328789 -0.0000556928199119  0.0000861219131662  0.0001070495083072
  0.0000236931340790  0.0000017212074768  0.0000114245928570 -0.0000081979173479  0.0000003925427055  0.0000136686559196 -0.0000139482013766  0.0000232595328789  0.0000501191657883 -0.0000112997781804  0.0000174736800325  0.0000217197782425
 -0.0000567310382493 -0.0000041212735671 -0.0000273551406154  0.0000196291618103 -0.0000009399075347 -0.0000327283439668  0.0000333976899453 -0.0000556928199119 -0.0000112997781804  0.0000724562130731 -0.0000418391255024 -0.0000520060185425
  0.0000877273867199  0.0000063730291417  0.0000423012705849 -0.0000303540199908  0.0000014534483119  0.0000506102510456 -0.0000516453100771  0.0000861219131662  0.0000174736800325 -0.0000418391255024  0.0001100988539535  0.0000804207404135
  0.0001090451113797  0.0000079216730210  0.0000525804647203 -0.0000377300363601  0.0000018066357495  0.0000629085245619 -0.0000641951025804  0.0001070495083072  0.0000217197782425 -0.0000520060185425  0.0000804207404135  0.0001453628823081



  0.0000793696042578 -0.0000165491917740 -0.0000126931892757  0.0000154278062564 -0.0000960781235798 -0.0000326513997443 -0.0000243723377168  0.0000486908423276 -0.0000109362626775 -0.0000348053712460 -0.0000178679317346 -0.0000052329597394
 -0.0000165491917740  0.0000534622898658  0.0000061838103152 -0.0000075160485987  0.0000468069039823  0.0000159069606668  0.0000118736048210 -0.0000237209834739  0.0000053278787928  0.0000169563227224  0.0000087048178493  0.0000025493695645
 -0.0000126931892757  0.0000061838103152  0.0000501428970232 -0.0000057647907385  0.0000359007799154  0.0000122005996003  0.0000091070256141 -0.0000181939358219  0.0000040864698940  0.0000130054577090  0.0000066765738219  0.0000019553601685
  0.0000154278062564 -0.0000075160485987 -0.0000057647907385  0.0000524066853297 -0.0000436352334278 -0.0000148290932056 -0.0000110690405456  0.0000221136320277 -0.0000049668577714 -0.0000158073497095 -0.0000081149729310 -0.0000023766223906
 -0.0000960781235798  0.0000468069039823  0.0000359007799154 -0.0000436352334278  0.0003171424756588  0.0000923495813928  0.0000689334975938 -0.0001377147363305  0.0000309315768445  0.0000984417663548  0.0000505367619449  0.0000148006408657
 -0.0000326513997443  0.0000159069606668  0.0000122005996003 -0.0000148290932056  0.0000923495813928  0.0000767842135716  0.0000234265106545 -0.0000468012773259  0.0000105118547557  0.0000334546652769  0.0000171745237580  0.0000050298821768
 -0.0000243723377168  0.0000118736048210  0.0000091070256141 -0.0000110690405456  0.0000689334975938  0.0000234265106545  0.0000628864336695 -0.0000349343839926  0.0000078464775214  0.0000249719279024  0.0000128197656588  0.0000037545093947
  0.0000486908423276 -0.0000237209834739 -0.0000181939358219  0.0000221136320277 -0.0001377147363305 -0.0000468012773259 -0.0000349343839926  0.0001151915354164 -0.0000156756239086 -0.0000498886983367 -0.0000256112152894 -0.0000075007259081
 -0.0000109362626775  0.0000053278787928  0.0000040864698940 -0.0000049668577714  0.0000309315768445  0.0000105118547557  0.0000078464775214 -0.0000156756239086  0.0000489207713110  0.0000112053085050  0.0000057524364851  0.0000016847091749
 -0.0000348053712460  0.0000169563227224  0.0000130054577090 -0.0000158073497095  0.0000984417663548  0.0000334546652769  0.0000249719279024 -0.0000498886983367  0.0000112053085050  0.0000810615569512  0.0000183075053459  0.0000053616971358
 -0.0000178679317346  0.0000087048178493  0.0000066765738219 -0.0000081149729310  0.0000505367619449  0.0000171745237580  0.0000128197656588 -0.0000256112152894  0.0000057524364851  0.0000183075053459  0.0000547984002870  0.0000027525187916
 -0.0000052329597394  0.0000025493695645  0.0000019553601685 -0.0000023766223906  0.0000148006408657  0.0000050298821768  0.0000037545093947 -0.0000075007259081  0.0000016847091749  0.0000053616971358  0.0000027525187916  0.0000462060566401



  0.0000453999297625  0.0000000000000000  0.0000000000000000  0.0000000000000000  0.0000000000000000  0.0000000000000000  0.0000000000000000  0.0000000000000000  0.0000000000000000  0.0000000000000000  0.0000000000000000  0.0000000000000000
  0.0000000000000000  0.0000453999297625  0.0000000000000000  0.0000000000000000  0.0000000000000000  0.0000000000000000  0.0000000000000000  0.0000000000000000  0.0000000000000000  0.0000000000000000  0.0000000000000000  0.0000000000000000
  0.0000000000000000  0.0000000000000000  0.0000453999297625  0.0000000000000000  0.0000000000000000  0.0000000000000000  0.0000000000000000  0.0000000000000000  0.0000000000000000  0.0000000000000000  0.0000000000000000  0.0000000000000000
  0.0000000000000000  0.0000000000000000  0.0000000000000000  0.0000453999297625  0.0000000000000000  0.0000000000000000  0.0000000000000000  0.0000000000000000  0.0000000000000000  0.0000000000000000  0.0000000000000000  0.0000000000000000
  0.0000000000000000  0.0000000000000000  0.0000000000000000  0.0000000000000000  0.0000453999297625  0.0000000000000000  0.0000000000000000  0.0000000000000000  0.0000000000000000  0.0000000000000000  0.0000000000000000  0.0000000000000000
  0.0000000000000000  0.0000000000000000  0.0000000000000000  0.0000000000000000  0.0000000000000000  0.0000453999297625  0.0000000000000000  0.0000000000000000  0.0000000000000000  0.0000000000000000  0.0000000000000000  0.0000000000000000
  0.0000000000000000  0.0000000000000000  0.0000000000000000  0.0000000000000000  0.0000000000000000  0.0000000000000000  0.0000453999297625  0.0000000000000000  0.0000000000000000  0.0000000000000000  0.0000000000000000  0.0000000000000000
  0.0000000000000000  0.0000000000000000  0.0000000000000000  0.0000000000000000  0.0000000000000000  0.0000000000000000  0.0000000000000000  0.0000453999297625  0.0000000000000000  0.0000000000000000  0.0000000000000000  0.0000000000000000
  0.0000000000000000  0.0000000000000000  0.0000000000000000  0.0000000000000000  0.0000000000000000  0.0000000000000000  0.0000000000000000  0.0000000000000000  0.0000453999297625  0.0000000000000000  0.0000000000000000  0.0000000000000000
  0.0000000000000000  0.0000000000000000  0.0000000000000000  0.0000000000000000  0.0000000000000000  0.0000000000000000  0.0000000000000000  0.0000000000000000  0.0000000000000000  0.0000453999297625  0.0000000000000000  0.0000000000000000
  0.0000000000000000  0.0000000000000000  0.0000000000000000  0.0000000000000000  0.0000000000000000  0.0000000000000000  0.0000000000000000  0.0000000000000000  0.0000000000000000  0.0000000000000000  0.0000453999297625  0.0000000000000000
  0.0000000000000000  0.0000000000000000  0.0000000000000000  0.0000000000000000  0.0000000000000000  0.0000000000000000  0.0000000000000000  0.0000000000000000  0.0000000000000000  0.0000000000000000  0.0000000000000000  0.0000453999297625



  0.6177113026755552  0.7843158236846729 -0.7129667627008098 -0.3873063863764273  0.3440900097202126  1.5987678676422261 -0.3737753873709538 -0.7085753530094079 -0.3795509706511101 -0.4187643810403526  0.6167530755008952 -1.1943058983431558
  0.7843158236846729  0.9959742852462637 -0.9053294367320290 -0.4918039934262355  0.4369275421225108  2.0301249428826120 -0.4746222175850566 -0.8997532221495532 -0.4819560887387264 -0.5317495056558993  0.7831567167526072 -1.5165367265209340
 -0.7129667627008098 -0.9053294367320290  0.8230172355594022  0.4470648130317046 -0.3971803508729640 -1.8454449469700456  0.4314459682954980  0.8179029532542177  0.4381126821283895  0.4833763903725073 -0.7119131175531113  1.3785777227047635
 -0.3873063863764273 -0.4918039934262355  0.4470648130317046  0.2429057679152530 -0.2157611687340334 -1.0025050869146230  0.2343754129181896  0.4443114450737859  0.2379969969547489  0.2625856575218046 -0.3867340712299026  0.7488877562903552
  0.3440900097202126  0.4369275421225108 -0.3971803508729640 -0.2157611687340334  0.1917314630525991  0.8906434447335883 -0.2082232400691558 -0.3947340252813770 -0.2114407109360661 -0.2332857535447112  0.3435815036160874 -0.6653252987804136
  1.5987678676422261  2.0301249428826120 -1.8454449469700456 -1.0025050869146230  0.8906434447335883  4.1383000920450150 -0.9674811931169037 -1.8340783708084774 -0.9824307350442978 -1.0839307912775888  1.5964051475816146 -3.0913443111193826
 -0.3737753873709538 -0.4746222175850566  0.4314459682954980  0.2343754129181896 -0.2082232400691558 -0.9674811931169037  0.2262325242877785  0.4287886261100996  0.2296821750892869  0.2534118304116763 -0.3732230205553191  0.7227243557392442
 -0.7085753530094079 -0.8997532221495532  0.8179029532542177  0.4443114450737859 -0.3947340252813770 -1.8340783708084774  0.4287886261100996  0.8129108166114108  0.4354142841330720  0.4803991763295167 -0.7075282322629929  1.3700866861079020
 -0.3795509706511101 -0.4819560887387264  0.4381126821283895  0.2379969969547489 -0.2114407109360661 -0.9824307350442978  0.2296821750892869  0.4354142841330720  0.2332766316288279  0.2573275571061113 -0.3789900701766050  0.7338919085557443
 -0.4187643810403526 -0.5317495056558993  0.4833763903725073  0.2625856575218046 -0.2332857535447112 -1.0839307912775888  0.2534118304116763  0.4803991763295167  0.2573275571061113  0.2839588059127326 -0.4181455225639826  0.8097141232509949
  0.6167530755008952  0.7831567167526072 -0.7119131175531113 -0.3867340712299026  0.3435815036160874  1.5964051475816146 -0.3732230205553191 -0.7075282322629929 -0.3789900701766050 -0.4181455225639826  0.6158870067932121 -1.1925409028116687
 -1.1943058983431558 -1.5165367265209340  1.3785777227047635  0.7488877562903552 -0.6653252987804136 -3.0913443111193826  0.7227243557392442  1.3700866861079020  0.7338919085557443  0.8097141232509949 -1.1925409028116687  2.3093304417532380



  0.0000919316538682 -0.0000053180410146 -0.0000526478533866 -0.0000814456233177 -0.0000238996061738 -0.0000023777847105  0.0000349568842603  0.0000177718029895 -0.0000244958765801 -0.0000078079110870  0.0000191966352775  0.0000197034036616
 -0.0000053180410146  0.0000460077207003  0.0000060170442644  0.0000093082982329  0.0000027314501732  0.0000002717534512 -0.0000039951699150 -0.0000020311127305  0.0000027995970243  0.0000008923544570 -0.0000021939546774 -0.0000022518724766
 -0.0000526478533866  0.0000060170442644  0.0001049678163922  0.0000921508351091  0.0000270409701342  0.0000026903207055 -0.0000395516167251 -0.0000201077285698  0.0000277156143158  0.0000088341828304 -0.0000217198407974 -0.0000222932188121
 -0.0000814456233177  0.0000093082982329  0.0000921508351091  0.0001879562112049  0.0000418320696103  0.0000041618951712 -0.0000611858959139 -0.0000311064246979  0.0000428757363954  0.0000136663791750 -0.0000336003437617 -0.0000344873529521
 -0.0000238996061738  0.0000027314501732  0.0000270409701342  0.0000418320696103  0.0000576752362602  0.0000012212768652 -0.0000179545414004 -0.0000091279465915  0.0000125815626736  0.0000040102962787 -0.0000098597684013 -0.0000101200545831
 -0.0000023777847105  0.0000002717534512  0.0000026903207055  0.0000041618951712  0.0000012212768652  0.0000455214352566 -0.0000017863070092 -0.0000009081443303  0.0000012517464573  0.0000003989865401 -0.0000009809536769 -0.0000010068496896
  0.0000349568842603 -0.0000039951699150 -0.0000395516167251 -0.0000611858959139 -0.0000179545414004 -0.0000017863070092  0.0000716612338657  0.0000133510389340 -0.0000184024886015 -0.0000058656808754  0.0000144214419405  0.0000148021508889
  0.0000177718029895 -0.0000020311127305 -0.0000201077285698 -0.0000311064246979 -0.0000091279465915 -0.0000009081443303  0.0000133510389340  0.0000521874921743 -0.0000093556793994 -0.0000029820656824  0.0000073317468194  0.0000075252962323
 -0.0000244958765801  0.0000027995970243  0.0000277156143158  0.0000428757363954  0.0000125815626736  0.0000012517464573 -0.0000184024886015 -0.0000093556793994  0.0000582953893862  0.0000041103490148 -0.0000101057594050 -0.0000103725394573
 -0.0000078079110870  0.0000008923544570  0.0000088341828304  0.0000136663791750  0.0000040102962787  0.0000003989865401 -0.0000058656808754 -0.0000029820656824  0.0000041103490148  0.0000467100784130 -0.0000032211491041 -0.0000033061836168
  0.0000191966352775 -0.0000021939546774 -0.0000217198407974 -0.0000336003437617 -0.0000098597684013 -0.0000009809536769  0.0000144214419405  0.0000073317468194 -0.0000101057594050 -0.0000032211491041  0.0000533194903001  0.0000081286275350
  0.0000197034036616 -0.0000022518724766 -0.0000222932188121 -0.0000344873529521 -0.0000101200545831 -0.0000010068496896  0.0000148021508889  0.0000075252962323 -0.0000103725394573 -0.0000033061836168  0.0000081286275350  0.0000537431434154



  0.4072650456045964 -0.4542370829883943  0.0454908165994848  0.1495825226813758  0.4271399027847692  0.6954315691832262 -0.2669486404343557 -0.0232353242608612  0.3491445832218216 -0.3463722378694171  0.0748035092874096  0.0309594229174640
 -0.4542370829883943  4.0038470589452630  1.5487701898940338 -0.2051307713615854 -0.5287053699647320  1.5542665507804260  0.5158445652236497  0.8137633893239860 -0.1304126280262047 -0.5746643765306850  1.7514461271990216  0.0203259668517971
  0.0454908165994848  1.5487701898940338  0.7367132536886388 -0.0007974357035247  0.0238188778403807  1.1433799562536560  0.0699217960624384  0.3577493646330104  0.1574848635073549 -0.4782490925362790  0.8475973917438729  0.0285503681061932
  0.1495825226813758 -0.2051307713615854 -0.0007974357035247  0.0554100136890258  0.1574716560695755  0.2299475983700052 -0.1004442058193006 -0.0171582810556096  0.1254146851966313 -0.1167128346708258  0.0073936564019006  0.0107717449688951
  0.4271399027847692 -0.5287053699647320  0.0238188778403807  0.1574716560695755  0.4488606245795481  0.6946396929262976 -0.2832652589087621 -0.0361426077008482  0.3623537492535418 -0.3489579348080613  0.0510489467832745  0.0316542616616131
  0.6954315691832262  1.5542665507804260  1.1433799562536560  0.2299475983700052  0.6946396929262976  2.7400546832186040 -0.3105887927799679  0.4852300619766414  0.7688444383347021 -1.2318146523187720  1.3502586894806210  0.0894221498847144
 -0.2669486404343557  0.5158445652236497  0.0699217960624384 -0.1004442058193006 -0.2832652589087621 -0.3105887927799679  0.1886395476081300  0.0643603223500026 -0.2127246051754269  0.1671327129783805  0.0653836053438784 -0.0168741604486487
 -0.0232353242608612  0.8137633893239860  0.3577493646330104 -0.0171582810556096 -0.0361426077008482  0.4852300619766414  0.0643603223500026  0.1788602327894390  0.0384368597899314 -0.1967410150774133  0.4091026316381222  0.0105925812059824
  0.3491445832218216 -0.1304126280262047  0.1574848635073549  0.1254146851966313  0.3623537492535418  0.7688444383347021 -0.2127246051754269  0.0384368597899314  0.3185855415312264 -0.3681616903493932  0.2000521029538762  0.0306078600624402
 -0.3463722378694171 -0.5746643765306850 -0.4782490925362790 -0.1167128346708258 -0.3489579348080613 -1.2318146523187720  0.1671327129783805 -0.1967410150774133 -0.3681616903493932  0.5587585039116559 -0.5678637668988326 -0.0414092507531559
  0.0748035092874096  1.7514461271990216  0.8475973917438729  0.0073936564019006  0.0510489467832745  1.3502586894806210  0.0653836053438784  0.4091026316381222  0.2000521029538762 -0.5678637668988326  0.9765241007649391  0.0344712452866806
  0.0309594229174640  0.0203259668517971  0.0285503681061932  0.0107717449688951  0.0316542616616131  0.0894221498847144 -0.0168741604486487  0.0105925812059824  0.0306078600624402 -0.0414092507531559  0.0344712452866806  0.0032597302769356



  0.0764697351490347 -0.2194042731254482 -0.0566086586037749 -0.1622640312935487 -0.2946476107649512 -0.2452721876357070 -0.0260175457549961 -0.3266273891725751  0.1019673524218190  0.1169044289752729  0.2482493423782240 -0.1970469905764813
 -0.2194042731254482  0.6299266778010535  0.1625161060820320  0.4658388513439610  0.8458951012095577  0.7041448262422689  0.0746929213947888  0.9377047357906064 -0.2927351380064357 -0.3356173386132141 -0.7126915358212653  0.5656962966282912
 -0.0566086586037749  0.1625161060820320  0.0419762959385660  0.1201914229230160  0.2182499885328373  0.1816768852927154  0.0192715805109745  0.2419378720201342 -0.0755287904263610 -0.0865928766045310 -0.1838820571488945  0.1459557052531174
 -0.1622640312935487  0.4658388513439610  0.1201914229230160  0.3445641463902620  0.6255953950801127  0.5207615852171465  0.0552404072967129  0.6934947965127336 -0.2164969500850499 -0.2482113053756486 -0.5270826388036678  0.4183698860795543
 -0.2946476107649512  0.8458951012095577  0.2182499885328373  0.6255953950801127  1.1360349199881778  0.9456268427853927  0.1003084071071843  1.2592847273900670 -0.3931267994506069 -0.4507152258571999 -0.9571046590551970  0.7596983086032791
 -0.2452721876357070  0.7041448262422689  0.1816768852927154  0.5207615852171465  0.9456268427853927  0.7872095539529391  0.0834992490890419  1.0482608481551898 -0.3272488883823655 -0.3751868569664239 -0.7967184084853154  0.6323923362641800
 -0.0260175457549961  0.0746929213947888  0.0192715805109745  0.0552404072967129  0.1003084071071843  0.0834992490890419  0.0089027008676335  0.1111954758346816 -0.0347132577881077 -0.0397983992742882 -0.0845128304522920  0.0670817366349886
 -0.3266273891725751  0.9377047357906064  0.2419378720201342  0.6934947965127336  1.2592847273900670  1.0482608481551898  0.1111954758346816  1.3960073337123002 -0.4357949721986132 -0.4996339035636611 -1.0609845886013325  0.8421525962686168
  0.1019673524218190 -0.2927351380064357 -0.0755287904263610 -0.2164969500850499 -0.3931267994506069 -0.3272488883823655 -0.0347132577881077 -0.4357949721986132  0.1360930529068329  0.1559769616184117  0.3312208748481280 -0.2629053660977870
  0.1169044289752729 -0.3356173386132141 -0.0865928766045310 -0.2482113053756486 -0.4507152258571999 -0.3751868569664239 -0.0397983992742882 -0.4996339035636611  0.1559769616184117  0.1788712346321215  0.3797409275364830 -0.3014179478250214
  0.2482493423782240 -0.7126915358212653 -0.1838820571488945 -0.5270826388036678 -0.9571046590551970 -0.7967184084853154 -0.0845128304522920 -1.0609845886013325  0.3312208748481280  0.3797409275364830  0.8064343659001445 -0.6400682577845422
 -0.1970469905764813  0.5656962966282912  0.1459557052531174  0.4183698860795543  0.7596983086032791  0.6323923362641800  0.0670817366349886  0.8421525962686168 -0.2629053660977870 -0.3014179478250214 -0.6400682577845422  0.5080972179460423



  1.2385923081452892  0.2152892292333266  0.1463813635662490  0.1726499520633824  0.0822583895316173  0.0729425210796865 -0.8382340287906422 -0.4406808000633564  0.4125590160608451 -0.5584569722063905 -0.0660548630060840 -0.6230032251475264
  0.2152892292333266  1.3255577532982858  0.6671829012768257 -0.1009228026946692  0.9095659218586305  0.3717543128344841 -0.0711770943289575  0.3134296236567717  1.4098776011036953 -0.1062884329804677 -0.3929029779112638 -0.7264631812853970
  0.1463813635662490  0.6671829012768257  0.3901751573876138 -0.0190987350325240  0.5125737502782391  0.0350565902602805 -0.0726686814204600  0.2513880699864425  0.6611579049607764 -0.0917385841680100 -0.2465761575634210 -0.3075251245416362
  0.1726499520633824 -0.1009228026946692 -0.0190987350325240  0.0498855609760127 -0.0520101207423245 -0.1001893703580677 -0.1296213163334393 -0.0481969588146866 -0.1048133453227940 -0.0871539530642216  0.0059507514242617  0.0118814064702666
  0.0822583895316173  0.9095659218586305  0.5125737502782391 -0.0520101207423245  0.6885434475409059  0.0912994545179813 -0.0153519210425278  0.3586005357842081  0.8993894083646042 -0.0661173896648126 -0.3216365011577008 -0.3917642650953114
  0.0729425210796865  0.3717543128344841  0.0350565902602805 -0.1001893703580677  0.0912994545179813  0.5420972799231909  0.0022117306266439 -0.2305718450767076  0.5531733168849721  0.0252405728036238  0.0297039572072482 -0.4216872078007617
 -0.8382340287906422 -0.0711770943289575 -0.0726686814204600 -0.1296213163334393 -0.0153519210425278  0.0022117306266439  0.5738324060971286  0.2987611953732774 -0.1908214723077833  0.3816959582181206  0.0324840479062836  0.3709064229872645
 -0.4406808000633564  0.3134296236567717  0.2513880699864425 -0.0481969588146866  0.3586005357842081 -0.2305718450767076  0.2987611953732774  0.4992848619390327  0.1468262009518972  0.1524532330111159 -0.1921687150108587  0.1867513576112242
  0.4125590160608451  1.4098776011036953  0.6611579049607764 -0.1048133453227940  0.8993894083646042  0.5531733168849721 -0.1908214723077833  0.1468262009518972  1.5831474837811321 -0.1739812375645704 -0.3684284517162771 -0.9254521492336281
 -0.5584569722063905 -0.1062884329804677 -0.0917385841680100 -0.0871539530642216 -0.0661173896648126  0.0252405728036238  0.3816959582181206  0.1524532330111159 -0.1739812375645704  0.2603362201980877  0.0519184115619428  0.2558371818097738
 -0.0660548630060840 -0.3929029779112638 -0.2465761575634210  0.0059507514242617 -0.3216365011577008  0.0297039572072482  0.0324840479062836 -0.1921687150108587 -0.3684284517162771  0.0519184115619428  0.1612456950234141  0.1482829584490885
 -0.6230032251475264 -0.7264631812853970 -0.3075251245416362  0.0118814064702666 -0.3917642650953114 -0.4216872078007617  0.3709064229872645  0.1867513576112242 -0.9254521492336281  0.2558371818097738  0.1482829584490885  0.7134344208836831



  0.0000453999297625  0.0000000000000000  0.0000000000000000  0.0000000000000000  0.0000000000000000  0.0000000000000000  0.0000000000000000  0.0000000000000000  0.0000000000000000  0.0000000000000000  0.0000000000000000  0.0000000000000000
  0.0000000000000000  0.0000453999297625  0.0000000000000000  0.0000000000000000  0.0000000000000000  0.0000000000000000  0.0000000000000000  0.0000000000000000  0.0000000000000000  0.0000000000000000  0.0000000000000000  0.0000000000000000
  0.0000000000000000  0.0000000000000000  0.0000453999297625  0.0000000000000000  0.0000000000000000  0.0000000000000000  0.0000000000000000  0.0000000000000000  0.0000000000000000  0.0000000000000000  0.0000000000000000  0.0000000000000000
  0.0000000000000000  0.0000000000000000  0.0000000000000000  0.0000453999297625  0.0000000000000000  0.0000000000000000  0.0000000000000000  0.0000000000000000  0.0000000000000000  0.0000000000000000  0.0000000000000000  0.0000000000000000
  0.0000000000000000  0.0000000000000000  0.0000000000000000  0.0000000000000000  0.0000453999297625  0.0000000000000000  0.0000000000000000  0.0000000000000000  0.0000000000000000  0.0000000000000000  0.0000000000000000  0.0000000000000000
  0.0000000000000000  0.0000000000000000  0.0000000000000000  0.0000000000000000  0.0000000000000000  0.0000453999297625  0.0000000000000000  0.0000000000000000  0.0000000000000000  0.0000000000000000  0.0000000000000000  0.0000000000000000
  0.0000000000000000  0.0000000000000000  0.0000000000000000  0.0000000000000000  0.0000000000000000  0.0000000000000000  0.0000453999297625  0.0000000000000000  0.0000000000000000  0.0000000000000000  0.0000000000000000  0.0000000000000000
  0.0000000000000000  0.0000000000000000  0.0000000000000000  0.0000000000000000  0.0000000000000000  0.0000000000000000  0.0000000000000000  0.0000453999297625  0.0000000000000000  0.0000000000000000  0.0000000000000000  0.0000000000000000
