
  0.0000695905843085 -0.0001006549107507  0.0000955270895351  0.0000263554766750  0.0000415264515722  0.0000107539834180 -0.0000107106012413 -0.0000359893206366 -0.0001302657608799 -0.0000512239302853  0.0000222201883934  0.0000471599423785
 -0.0001006549107507  0.0004642150155204 -0.0003974787310171 -0.0001096625206013 -0.0001727874402422 -0.0000447462568281  0.0000445657478999  0.0001497479884129  0.0005420228919515  0.0002131376859338 -0.0000924559968128 -0.0001962278359227
  0.0000955270895351 -0.0003974787310171  0.0004226292774710  0.0001040758105689  0.0001639848582791  0.0000424666779842 -0.0000422953650059 -0.0001421191414321 -0.0005144097684189 -0.0002022794780269  0.0000877458657478  0.0001862310930649
  0.0000263554766750 -0.0001096625206013  0.0001040758105689  0.0000741139585393  0.0000452426545021  0.0000117163575958 -0.0000116690931473 -0.0000392100056153 -0.0001419232462638 -0.0000558079607671  0.0000242086734695  0.0000513802865063
  0.0000415264515722 -0.0001727874402422  0.0001639848582791  0.0000452426545021  0.0001166855651675  0.0000184606320084 -0.0000183861607759 -0.0000617804192809 -0.0002236183729712 -0.0000879326376341  0.0000381438863297  0.0000809562659664
  0.0000107539834180 -0.0000447462568281  0.0000424666779842  0.0000117163575958  0.0000184606320084  0.0000501806255115 -0.0000047614101523 -0.0000159990940558 -0.0000579097944528 -0.0000227716573707  0.0000098780104141  0.0000209650068529
 -0.0000107106012413  0.0000445657478999 -0.0000422953650059 -0.0000116690931473 -0.0000183861607759 -0.0000047614101523  0.0000501421321172  0.0000159345528064  0.0000576761830701  0.0000226797952182 -0.0000098381619620 -0.0000208804328308
 -0.0000359893206366  0.0001497479884129 -0.0001421191414321 -0.0000392100056153 -0.0000617804192809 -0.0000159990940558  0.0000159345528064  0.0000989425570371  0.0001938011320595  0.0000762077126850 -0.0000330577861453 -0.0000701615693878
 -0.0001302657608799  0.0005420228919515 -0.0005144097684189 -0.0001419232462638 -0.0002236183729712 -0.0000579097944528  0.0000576761830701  0.0001938011320595  0.0007468761310502  0.0002758389294995 -0.0001196548750865 -0.0002539545081470
 -0.0000512239302853  0.0002131376859338 -0.0002022794780269 -0.0000558079607671 -0.0000879326376341 -0.0000227716573707  0.0000226797952182  0.0000762077126850  0.0002758389294995  0.0001538670664775 -0.0000470514503452 -0.0000998616054832
  0.0000222201883934 -0.0000924559968128  0.0000877458657478  0.0000242086734695  0.0000381438863297  0.0000098780104141 -0.0000098381619620 -0.0000330577861453 -0.0001196548750865 -0.0000470514503452  0.0000658101576586  0.0000433184973264
  0.0000471599423785 -0.0001962278359227  0.0001862310930649  0.0000513802865063  0.0000809562659664  0.0000209650068529 -0.0000208804328308 -0.0000701615693878 -0.0002539545081470 -0.0000998616054832  0.0000433184973264  0.0001373387469167



  0.0000453999297625  0.0000000000000000  0.0000000000000000  0.0000000000000000  0.0000000000000000  0.0000000000000000  0.0000000000000000  0.0000000000000000  0.0000000000000000  0.0000000000000000  0.0000000000000000  0.0000000000000000
  0.0000000000000000  0.0000453999297625  0.0000000000000000  0.0000000000000000  0.0000000000000000  0.0000000000000000  0.0000000000000000  0.0000000000000000  0.0000000000000000  0.0000000000000000  0.0000000000000000  0.0000000000000000
  0.0000000000000000  0.0000000000000000  0.0000453999297625  0.0000000000000000  0.0000000000000000  0.0000000000000000  0.0000000000000000  0.0000000000000000  0.0000000000000000  0.0000000000000000  0.0000000000000000  0.0000000000000000
  0.0000000000000000  0.0000000000000000  0.0000000000000000  0.0000453999297625  0.0000000000000000  0.0000000000000000  0.0000000000000000  0.0000000000000000  0.0000000000000000  0.0000000000000000  0.0000000000000000  0.0000000000000000
  0.0000000000000000  0.0000000000000000  0.0000000000000000  0.0000000000000000  0.0000453999297625  0.0000000000000000  0.0000000000000000  0.0000000000000000  0.0000000000000000  0.0000000000000000  0.0000000000000000  0.0000000000000000
  0.0000000000000000  0.0000000000000000  0.0000000000000000  0.0000000000000000  0.0000000000000000  0.0000453999297625  0.0000000000000000  0.0000000000000000  0.0000000000000000  0.0000000000000000  0.0000000000000000  0.0000000000000000
  0.0000000000000000  0.0000000000000000  0.0000000000000000  0.0000000000000000  0.0000000000000000  0.0000000000000000  0.0000453999297625  0.0000000000000000  0.0000000000000000  0.0000000000000000  0.0000000000000000  0.0000000000000000
  0.0000000000000000  0.0000000000000000  0.0000000000000000  0.0000000000000000  0.0000000000000000  0.0000000000000000  0.0000000000000000  0.0000453999297625  0.0000000000000000  0.0000000000000000  0.0000000000000000  0.0000000000000000
  0.0000000000000000  0.0000000000000000  0.0000000000000000  0.0000000000000000  0.0000000000000000  0.0000000000000000  0.0000000000000000  0.0000000000000000  0.0000453999297625  0.0000000000000000  0.0000000000000000  0.0000000000000000
  0.0000000000000000  0.0000000000000000  0.0000000000000000  0.0000000000000000  0.0000000000000000  0.0000000000000000  0.0000000000000000  0.0000000000000000  0.0000000000000000  0.0000453999297625  0.0000000000000000  0.0000000000000000
  0.0000000000000000  0.0000000000000000  0.0000000000000000  0.0000000000000000  0.0000000000000000  0.0000000000000000  0.0000000000000000  0.0000000000000000  0.0000000000000000  0.0000000000000000  0.0000453999297625  0.0000000000000000
  0.0000000000000000  0.0000000000000000  0.0000000000000000  0.0000000000000000  0.0000000000000000  0.0000000000000000  0.0000000000000000  0.0000000000000000  0.0000000000000000  0.0000000000000000  0.0000000000000000  0.0000453999297625



  0.0001860760608635 -0.0002002195376982  0.0000282787898784  0.0000161060439982  0.0000564801951789 -0.0002586140102921  0.0000051192593015  0.0002094911804156  0.0000149152711575  0.0001020192301288 -0.0001086207668985 -0.0000234940352620
 -0.0002002195376982  0.0003303655665221 -0.0000402482367961 -0.0000229231829040 -0.0000803863347629  0.0003680764972543 -0.0000072860671009 -0.0002981616495021 -0.0000212283965476 -0.0001452004894706  0.0001545962315186  0.0000334382588006
  0.0000282787898784 -0.0000402482367961  0.0000510845469803  0.0000032376454373  0.0000113536785470 -0.0000519867243961  0.0000010290761978  0.0000421120272926  0.0000029982756544  0.0000205079593090 -0.0000218350037033 -0.0000047227833277
  0.0000161060439982 -0.0000229231829040  0.0000032376454373  0.0000472439146037  0.0000064664310957 -0.0000296087800802  0.0000005861052255  0.0000239846955030  0.0000017076529730  0.0000116802061320 -0.0000124360176605 -0.0000026898377334
  0.0000564801951789 -0.0000803863347629  0.0000113536785470  0.0000064664310957  0.0000680762176479 -0.0001038311877287  0.0000020553363407  0.0000841088155150  0.0000059883465626  0.0000409597988271 -0.0000436102561742 -0.0000094326428141
 -0.0002586140102921  0.0003680764972543 -0.0000519867243961 -0.0000296087800802 -0.0001038311877287  0.0005208267544547 -0.0000094110647436 -0.0003851211564042 -0.0000274197055210 -0.0001875485345240  0.0001996845655959  0.0000431906012022
  0.0000051192593015 -0.0000072860671009  0.0000010290761978  0.0000005861052255  0.0000020553363407 -0.0000094110647436  0.0000455862216060  0.0000076234657971  0.0000005427725372  0.0000037125195915 -0.0000039527520904 -0.0000008549571104
  0.0002094911804156 -0.0002981616495021  0.0000421120272926  0.0000239846955030  0.0000841088155150 -0.0003851211564042  0.0000076234657971  0.0003573686648167  0.0000222114280265  0.0001519243440766 -0.0001617551783455 -0.0000349866970412
  0.0000149152711575 -0.0000212283965476  0.0000029982756544  0.0000017076529730  0.0000059883465626 -0.0000274197055210  0.0000005427725372  0.0000222114280265  0.0000469813303310  0.0000108166500510 -0.0000115165819457 -0.0000024909691770
  0.0001020192301288 -0.0001452004894706  0.0000205079593090  0.0000116802061320  0.0000409597988271 -0.0001875485345240  0.0000037125195915  0.0001519243440766  0.0000108166500510  0.0001193849280319 -0.0000787724749625 -0.0000170380246548
 -0.0001086207668985  0.0001545962315186 -0.0000218350037033 -0.0000124360176605 -0.0000436102561742  0.0001996845655959 -0.0000039527520904 -0.0001617551783455 -0.0000115165819457 -0.0000787724749625  0.0001292696730464  0.0000181405339181
 -0.0000234940352620  0.0000334382588006 -0.0000047227833277 -0.0000026898377334 -0.0000094326428141  0.0000431906012022 -0.0000008549571104 -0.0000349866970412 -0.0000024909691770 -0.0000170380246548  0.0000181405339181  0.0000493236209287



  0.0000453999297625  0.0000000000000000  0.0000000000000000  0.0000000000000000  0.0000000000000000  0.0000000000000000  0.0000000000000000  0.0000000000000000  0.0000000000000000  0.0000000000000000  0.0000000000000000  0.0000000000000000
  0.0000000000000000  0.0000453999297625  0.0000000000000000  0.0000000000000000  0.0000000000000000  0.0000000000000000  0.0000000000000000  0.0000000000000000  0.0000000000000000  0.0000000000000000  0.0000000000000000  0.0000000000000000
  0.0000000000000000  0.0000000000000000  0.0000453999297625  0.0000000000000000  0.0000000000000000  0.0000000000000000  0.0000000000000000  0.0000000000000000  0.0000000000000000  0.0000000000000000  0.0000000000000000  0.0000000000000000
  0.0000000000000000  0.0000000000000000  0.0000000000000000  0.0000453999297625  0.0000000000000000  0.0000000000000000  0.0000000000000000  0.0000000000000000  0.0000000000000000  0.0000000000000000  0.0000000000000000  0.0000000000000000
  0.0000000000000000  0.0000000000000000  0.0000000000000000  0.0000000000000000  0.0000453999297625  0.0000000000000000  0.0000000000000000  0.0000000000000000  0.0000000000000000  0.0000000000000000  0.0000000000000000  0.0000000000000000
  0.0000000000000000  0.0000000000000000  0.0000000000000000  0.0000000000000000  0.0000000000000000  0.0000453999297625  0.0000000000000000  0.0000000000000000  0.0000000000000000  0.0000000000000000  0.0000000000000000  0.0000000000000000
  0.0000000000000000  0.0000000000000000  0.0000000000000000  0.0000000000000000  0.0000000000000000  0.0000000000000000  0.0000453999297625  0.0000000000000000  0.0000000000000000  0.0000000000000000  0.0000000000000000  0.0000000000000000
  0.0000000000000000  0.0000000000000000  0.0000000000000000  0.0000000000000000  0.0000000000000000  0.0000000000000000  0.0000000000000000  0.0000453999297625  0.0000000000000000  0.0000000000000000  0.0000000000000000  0.0000000000000000
  0.0000000000000000  0.0000000000000000  0.0000000000000000  0.0000000000000000  0.0000000000000000  0.0000000000000000  0.0000000000000000  0.0000000000000000  0.0000453999297625  0.0000000000000000  0.0000000000000000  0.0000000000000000
  0.0000000000000000  0.0000000000000000  0.0000000000000000  0.0000000000000000  0.0000000000000000  0.0000000000000000  0.0000000000000000  0.0000000000000000  0.0000000000000000  0.0000453999297625  0.0000000000000000  0.0000000000000000
  0.0000000000000000  0.0000000000000000  0.0000000000000000  0.0000000000000000  0.0000000000000000  0.0000000000000000  0.0000000000000000  0.0000000000000000  0.0000000000000000  0.0000000000000000  0.0000453999297625  0.0000000000000000
  0.0000000000000000  0.0000000000000000  0.0000000000000000  0.0000000000000000  0.0000000000000000  0.0000000000000000  0.0000000000000000  0.0000000000000000  0.0000000000000000  0.0000000000000000  0.0000000000000000  0.0000453999297625



  0.2236724919019726  0.1914756163854082 -0.2424385776706312 -0.3927483345164974  0.0362912719467378  0.3622338901908675 -0.4467730572250381 -0.0041880107990421 -0.0512916775558986 -0.0227411914624008 -0.0072454851021669  0.1694336810118571
  0.1914756163854082  0.4368809549539470 -0.3650361550030012 -0.2333303402450720 -0.1406597765015339  0.9552367721677060 -0.4552372225477030 -0.6633575222097597 -0.3656073965645079  0.1368462858283567 -0.0303323179344459  0.2344001156438019
 -0.2424385776706312 -0.3650361550030012  0.3537273309340909  0.3663849052308642  0.0597437679226214 -0.7649094134750045  0.5263015964686439  0.3852208524269508  0.2412181491282276 -0.0655393917285704  0.0217771066901888 -0.2352264823876554
 -0.3927483345164974 -0.2333303402450720  0.3663849052308642  0.7286556781366140 -0.1285262564999377 -0.3928112551774753  0.7572254130161820 -0.2415534923705166 -0.0312803700227985  0.0989128585777132  0.0036223075213181 -0.2638705012148842
  0.0362912719467378 -0.1406597765015339  0.0597437679226214 -0.1285262564999377  0.1140095558354324 -0.3471756252096482 -0.0267545633950105  0.4145251016581070  0.1941206427622189 -0.1020639095931702  0.0140085414368115 -0.0287180842211565
  0.3622338901908675  0.9552367721677060 -0.7649094134750045 -0.3928112551774753 -0.3471756252096482  2.1117066262852258 -0.8955390608734333 -1.5664181969340278 -0.8435259571327395  0.3326835370933431 -0.0687736655329759  0.4856094967210309
 -0.4467730572250381 -0.4552372225477030  0.5263015964686439  0.7572254130161820 -0.0267545633950105 -0.8955390608734333  0.9119971847043250  0.1841310652757591  0.1881718050268062  0.0037901679226902  0.0209033396162034 -0.3622994243652438
 -0.0041880107990421 -0.6633575222097597  0.3852208524269508 -0.2415534923705166  0.4145251016581070 -1.5664181969340278  0.1841310652757591  1.5952734160707782  0.7787203962495587 -0.3775085843707497  0.0584720649591344 -0.2191400616116229
 -0.0512916775558986 -0.3656073965645079  0.2412181491282276 -0.0312803700227985  0.1941206427622189 -0.8435259571327395  0.1881718050268062  0.7787203962495587  0.3910286336226814 -0.1790565210040374  0.0301055442820261 -0.1441623280659346
 -0.0227411914624008  0.1368462858283567 -0.0655393917285704  0.0989128585777132 -0.1020639095931702  0.3326835370933431  0.0037901679226902 -0.3775085843707497 -0.1790565210040374  0.0919010033372892 -0.0130846485486645  0.0339383562665882
 -0.0072454851021669 -0.0303323179344459  0.0217771066901888  0.0036223075213181  0.0140085414368115 -0.0687736655329759  0.0209033396162034  0.0584720649591344  0.0301055442820261 -0.0130846485486645  0.0024136824585497 -0.0133876835410673
  0.1694336810118571  0.2344001156438019 -0.2352264823876554 -0.2638705012148842 -0.0287180842211565  0.4856094967210309 -0.3622994243652438 -0.2191400616116229 -0.1441623280659346  0.0339383562665882 -0.0133876835410673  0.1576586131341482



  0.0000475732691115  0.0000166836200636 -0.0000107177404991 -0.0000027512750255 -0.0000252846191284 -0.0000089827900771  0.0000048488857869 -0.0000194004736991 -0.0000080704446674 -0.0000182752365254  0.0000211429430552  0.0000006866701812
  0.0000166836200636  0.0001734715898815 -0.0000822746390296 -0.0000211201381122 -0.0001940971524705 -0.0000689563076410  0.0000372224283509 -0.0001489275627389 -0.0000619526962678 -0.0001402896896445  0.0001623036131578  0.0000052712175009
 -0.0000107177404991 -0.0000822746390296  0.0000982540601858  0.0000135678083490  0.0001246901394216  0.0000442982882763 -0.0000239120961931  0.0000956726996005  0.0000397990915212  0.0000901236351926 -0.0001042656210856 -0.0000033862879323
 -0.0000027512750255 -0.0000211201381122  0.0000135678083490  0.0000488828254590  0.0000320083199012  0.0000113714988916 -0.0000061383043439  0.0000245594590625  0.0000102165420545  0.0000231349981585 -0.0000267652868935 -0.0000008692699192
 -0.0000252846191284 -0.0001940971524705  0.0001246901394216  0.0000320083199012  0.0003395610623829  0.0001045057348797 -0.0000564119130199  0.0002257050140924  0.0000938915129412  0.0002126140104351 -0.0002459768938761 -0.0000079887174573
 -0.0000089827900771 -0.0000689563076410  0.0000442982882763  0.0000113714988916  0.0001045057348797  0.0000825273657546 -0.0000200412895259  0.0000801855369322  0.0000333565535034  0.0000755347357018 -0.0000873874662806 -0.0000028381274616
  0.0000048488857869  0.0000372224283509 -0.0000239120961931 -0.0000061383043439 -0.0000564119130199 -0.0000200412895259  0.0000562181636407 -0.0000432839359494 -0.0000180057773580 -0.0000407734460248  0.0000471715179318  0.0000015320135272
 -0.0000194004736991 -0.0001489275627389  0.0000956726996005  0.0000245594590625  0.0002257050140924  0.0000801855369322 -0.0000432839359494  0.0002185796864919  0.0000720414184660  0.0001631352442589 -0.0001887340377165 -0.0000061296119247
 -0.0000080704446674 -0.0000619526962678  0.0000397990915212  0.0000102165420545  0.0000938915129412  0.0000333565535034 -0.0000180057773580  0.0000720414184660  0.0000753685939563  0.0000678629801783 -0.0000785118771772 -0.0000025498704123
 -0.0000182752365254 -0.0001402896896445  0.0000901236351926  0.0000231349981585  0.0002126140104351  0.0000755347357018 -0.0000407734460248  0.0001631352442589  0.0000678629801783  0.0001990732482958 -0.0001777873691724 -0.0000057740913686
  0.0000211429430552  0.0001623036131578 -0.0001042656210856 -0.0000267652868935 -0.0002459768938761 -0.0000873874662806  0.0000471715179318 -0.0001887340377165 -0.0000785118771772 -0.0001777873691724  0.0002510852688892  0.0000066801480151
  0.0000006866701812  0.0000052712175009 -0.0000033862879323 -0.0000008692699192 -0.0000079887174573 -0.0000028381274616  0.0000015320135272 -0.0000061296119247 -0.0000025498704123 -0.0000057740913686  0.0000066801480151  0.0000456168843480



  0.4660936603918245 -0.4291196837862923 -0.3575551729753668  1.0281779328669831  0.2684660052252164  0.3218386446667232  0.3014676192943573  0.2008536525818898 -0.2517661213566980  0.0422993527365542 -0.0724024373384871  0.2235118797614412
 -0.4291196837862923  0.3951633217844335  0.3292249968744162 -0.9467086206706186 -0.2471943278993871 -0.2963363351752846 -0.2775806155500794 -0.1849385592812017  0.2318163507930910 -0.0389478360338607  0.0666656076310925 -0.2058014855420666
 -0.3575551729753668  0.3292249968744162  0.2743680466335914 -0.7888273182195114 -0.2059711182804271 -0.2469152610873789 -0.2312892972741987 -0.1540963914498307  0.1931555581511814 -0.0324527833818869  0.0555480240839044 -0.1714801320591954
  1.0281779328669831 -0.9467086206706186 -0.7888273182195114  2.2683742237072293  0.5922810166379326  0.7100272455563537  0.6650873425496615  0.4431158157924168 -0.5554361653305282  0.0933195236818615 -0.1597317789687488  0.4931036711378996
  0.2684660052252164 -0.2471943278993871 -0.2059711182804271  0.5922810166379326  0.1546959166824148  0.1853936106572894  0.1736605265817343  0.1157013873786333 -0.1450287139033583  0.0243666993885553 -0.0417074900003539  0.1287537224209345
  0.3218386446667232 -0.2963363351752846 -0.2469152610873789  0.7100272455563537  0.1853936106572894  0.2222977750555333  0.2081838097081898  0.1387033086860689 -0.1738623086397474  0.0292104823573095 -0.0499987622832990  0.1543503159098912
  0.3014676192943573 -0.2775806155500794 -0.2312892972741987  0.6650873425496615  0.1736605265817343  0.2081838097081898  0.1950530185474353  0.1299241094783188 -0.1628568854658816  0.0273618866109460 -0.0468343319761269  0.1445808654513938
  0.2008536525818898 -0.1849385592812017 -0.1540963914498307  0.4431158157924168  0.1157013873786333  0.1387033086860689  0.1299241094783188  0.0866076676647299 -0.1085040465897587  0.0182298499044193 -0.0312034283559924  0.0963273345091674
 -0.2517661213566980  0.2318163507930910  0.1931555581511814 -0.5554361653305282 -0.1450287139033583 -0.1738623086397474 -0.1628568854658816 -0.1085040465897587  0.1360534074537891 -0.0228506203565601  0.0391127581272780 -0.1207443032337205
  0.0422993527365542 -0.0389478360338607 -0.0324527833818869  0.0933195236818615  0.0243666993885553  0.0292104823573095  0.0273618866109460  0.0182298499044193 -0.0228506203565601  0.0038846133993851 -0.0065714178801570  0.0202863730208341
 -0.0724024373384871  0.0666656076310925  0.0555480240839044 -0.1597317789687488 -0.0417074900003539 -0.0499987622832990 -0.0468343319761269 -0.0312034283559924  0.0391127581272780 -0.0065714178801570  0.0112934471436318 -0.0347234944859757
  0.2235118797614412 -0.2058014855420666 -0.1714801320591954  0.4931036711378996  0.1287537224209345  0.1543503159098912  0.1445808654513938  0.0963273345091674 -0.1207443032337205  0.0202863730208341 -0.0347234944859757  0.1072394040943614



  0.0000453999297625  0.0000000000000000  0.0000000000000000  0.0000000000000000  0.0000000000000000  0.0000000000000000  0.0000000000000000  0.0000000000000000  0.0000000000000000  0.0000000000000000  0.0000000000000000  0.0000000000000000
  0.0000000000000000  0.0000453999297625  0.0000000000000000  0.0000000000000000  0.0000000000000000  0.0000000000000000  0.0000000000000000  0.0000000000000000  0.0000000000000000  0.0000000000000000  0.0000000000000000  0.0000000000000000
  0.0000000000000000  0.0000000000000000  0.0000453999297625  0.0000000000000000  0.0000000000000000  0.0000000000000000  0.0000000000000000  0.0000000000000000  0.0000000000000000  0.0000000000000000  0.0000000000000000  0.0000000000000000
  0.0000000000000000  0.0000000000000000  0.0000000000000000  0.0000453999297625  0.0000000000000000  0.0000000000000000  0.0000000000000000  0.0000000000000000  0.0000000000000000  0.0000000000000000  0.0000000000000000  0.0000000000000000
  0.0000000000000000  0.0000000000000000  0.0000000000000000  0.0000000000000000  0.0000453999297625  0.0000000000000000  0.0000000000000000  0.0000000000000000  0.0000000000000000  0.0000000000000000  0.0000000000000000  0.0000000000000000
  0.0000000000000000  0.0000000000000000  0.0000000000000000  0.0000000000000000  0.0000000000000000  0.0000453999297625  0.0000000000000000  0.0000000000000000  0.0000000000000000  0.0000000000000000  0.0000000000000000  0.0000000000000000
  0.0000000000000000  0.0000000000000000  0.0000000000000000  0.0000000000000000  0.0000000000000000  0.0000000000000000  0.0000453999297625  0.0000000000000000  0.0000000000000000  0.0000000000000000  0.0000000000000000  0.0000000000000000
  0.0000000000000000  0.0000000000000000  0.0000000000000000  0.0000000000000000  0.0000000000000000  0.0000000000000000  0.0000000000000000  0.0000453999297625  0.0000000000000000  0.0000000000000000  0.0000000000000000  0.0000000000000000
  0.0000000000000000  0.0000000000000000  0.0000000000000000  0.0000000000000000  0.0000000000000000  0.0000000000000000  0.0000000000000000  0.0000000000000000  0.0000453999297625  0.0000000000000000  0.0000000000000000  0.0000000000000000
  0.0000000000000000  0.0000000000000000  0.0000000000000000  0.0000000000000000  0.0000000000000000  0.0000000000000000  0.0000000000000000  0.0000000000000000  0.0000000000000000  0.0000453999297625  0.0000000000000000  0.0000000000000000
  0.0000000000000000  0.0000000000000000  0.0000000000000000  0.0000000000000000  0.0000000000000000  0.0000000000000000  0.0000000000000000  0.0000000000000000  0.0000000000000000  0.0000000000000000  0.0000453999297625  0.0000000000000000
  0.0000000000000000  0.0000000000000000  0.0000000000000000  0.0000000000000000  0.0000000000000000  0.0000000000000000  0.0000000000000000  0.0000000000000000  0.0000000000000000  0.0000000000000000  0.0000000000000000  0.0000453999297625



  0.0000578118789525  0.0019807500922676  0.0026061440941536 -0.0001010661866384  0.0013182379965078  0.0006133505422461  0.0015388184934420 -0.0008305153017718 -0.0024292936871934  0.0001627119889984 -0.0021087201193994 -0.0023205901353209
  0.0019807500922676  0.3287793660874356  0.4324520510795047 -0.0168247840939990  0.2187372196408031  0.1018336130066334  0.2556245382985266 -0.1379389692580185 -0.4032146626490645  0.0268101975161642 -0.3501224326624815 -0.3850330343185753
  0.0026061440941536  0.4324520510795047  0.5689398148552027 -0.0221328389099430  0.2877507357355467  0.1339626738892318  0.3362746940594220 -0.1814591827068903 -0.5304317584860194  0.0352701290795992 -0.4605878861548937 -0.5065144905563581
 -0.0001010661866384 -0.0168247840939990 -0.0221328389099430  0.0009067025695926 -0.0111949210082138 -0.0052120535472862 -0.0130839244668896  0.0070601946832499  0.0206368971627372 -0.0013714011370210  0.0179200440918475  0.0197058012232370
  0.0013182379965078  0.2187372196408031  0.2877507357355467 -0.0111949210082138  0.1455917174813685  0.0677592250995619  0.1700899550939378 -0.0917832596186259 -0.2682960133265866  0.0178399531545500 -0.2329684570231834 -0.2561985523994696
  0.0006133505422461  0.1018336130066334  0.1339626738892318 -0.0052120535472862  0.0677592250995619  0.0315910397954447  0.0791868327404013 -0.0427303723881851 -0.1249059966219893  0.0083045526733993 -0.1084596765576857 -0.1192733595963612
  0.0015388184934420  0.2556245382985266  0.3362746940594220 -0.0130839244668896  0.1700899550939378  0.0791868327404013  0.1988240422968428 -0.1072636102982978 -0.3135416445036660  0.0208442122947188 -0.2722589628106399 -0.2994010336080252
 -0.0008305153017718 -0.1379389692580185 -0.1814591827068903  0.0070601946832499 -0.0917832596186259 -0.0427303723881851 -0.1072636102982978  0.0579263206875952  0.1691918685353576 -0.0112482160089300  0.1469148883994005  0.1615616329324296
 -0.0024292936871934 -0.4032146626490645 -0.5304317584860194  0.0206368971627372 -0.2682960133265866 -0.1249059966219893 -0.3135416445036660  0.1691918685353576  0.4946158364017239 -0.0328839705241001  0.4294495163552030  0.4722690159863230
  0.0001627119889984  0.0268101975161642  0.0352701290795992 -0.0013714011370210  0.0178399531545500  0.0083045526733993  0.0208442122947188 -0.0112482160089300 -0.0328839705241001  0.0022347993810971 -0.0285523369840676 -0.0314032303997618
 -0.0021087201193994 -0.3501224326624815 -0.4605878861548937  0.0179200440918475 -0.2329684570231834 -0.1084596765576857 -0.2722589628106399  0.1469148883994005  0.4294495163552030 -0.0285523369840676  0.3729496119899702  0.4100833281374300
 -0.0023205901353209 -0.3850330343185753 -0.5065144905563581  0.0197058012232370 -0.2561985523994696 -0.1192733595963612 -0.2994010336080252  0.1615616329324296  0.4722690159863230 -0.0314032303997618  0.4100833281374300  0.4510200919583115



  0.0000453999297625  0.0000000000000000  0.0000000000000000  0.0000000000000000  0.0000000000000000  0.0000000000000000  0.0000000000000000  0.0000000000000000  0.0000000000000000  0.0000000000000000  0.0000000000000000  0.0000000000000000
  0.0000000000000000  0.0000453999297625  0.0000000000000000  0.0000000000000000  0.0000000000000000  0.0000000000000000  0.0000000000000000  0.0000000000000000  0.0000000000000000  0.0000000000000000  0.0000000000000000  0.0000000000000000
  0.0000000000000000  0.0000000000000000  0.0000453999297625  0.0000000000000000  0.0000000000000000  0.0000000000000000  0.0000000000000000  0.0000000000000000  0.0000000000000000  0.0000000000000000  0.0000000000000000  0.0000000000000000
  0.0000000000000000  0.0000000000000000  0.0000000000000000  0.0000453999297625  0.0000000000000000  0.0000000000000000  0.0000000000000000  0.0000000000000000  0.0000000000000000  0.0000000000000000  0.0000000000000000  0.0000000000000000
  0.0000000000000000  0.0000000000000000  0.0000000000000000  0.0000000000000000  0.0000453999297625  0.0000000000000000  0.0000000000000000  0.0000000000000000  0.0000000000000000  0.0000000000000000  0.0000000000000000  0.0000000000000000
  0.0000000000000000  0.0000000000000000  0.0000000000000000  0.0000000000000000  0.0000000000000000  0.0000453999297625  0.0000000000000000  0.0000000000000000  0.0000000000000000  0.0000000000000000  0.0000000000000000  0.0000000000000000
  0.0000000000000000  0.0000000000000000  0.0000000000000000  0.0000000000000000  0.0000000000000000  0.0000000000000000  0.0000453999297625  0.0000000000000000  0.0000000000000000  0.0000000000000000  0.0000000000000000  0.0000000000000000
  0.0000000000000000  0.0000000000000000  0.0000000000000000  0.0000000000000000  0.0000000000000000  0.0000000000000000  0.0000000000000000  0.0000453999297625  0.0000000000000000  0.0000000000000000  0.0000000000000000  0.0000000000000000
  0.0000000000000000  0.0000000000000000  0.0000000000000000  0.0000000000000000  0.0000000000000000  0.0000000000000000  0.0000000000000000  0.0000000000000000  0.0000453999297625  0.0000000000000000  0.0000000000000000  0.0000000000000000
  0.0000000000000000  0.0000000000000000  0.0000000000000000  0.0000000000000000  0.0000000000000000  0.0000000000000000  0.0000000000000000  0.0000000000000000  0.0000000000000000  0.0000453999297625  0.0000000000000000  0.0000000000000000
  0.0000000000000000  0.0000000000000000  0.0000000000000000  0.0000000000000000  0.0000000000000000  0.0000000000000000  0.0000000000000000  0.0000000000000000  0.0000000000000000  0.0000000000000000  0.0000453999297625  0.0000000000000000
  0.0000000000000000  0.0000000000000000  0.0000000000000000  0.0000000000000000  0.0000000000000000  0.0000000000000000  0.0000000000000000  0.0000000000000000  0.0000000000000000  0.0000000000000000  0.0000000000000000  0.0000453999297625



  0.0000455872596582 -0.0000031160185097  0.0000006435024249 -0.0000151710956871  0.0000109676774064  0.0000100532930869  0.0000007178574611 -0.0000012866262019 -0.0000027552698118 -0.0000073168346918  0.0000022485613340 -0.0000030428331694
 -0.0000031160185097  0.0000972313329385 -0.0000107039266697  0.0002523538209837 -0.0001824347666063 -0.0001672250295093 -0.0000119407376351  0.0000214015549659  0.0000458307612843  0.0001217071746207 -0.0000374022454320  0.0000506140487638
  0.0000006435024249 -0.0000107039266697  0.0000476104438356 -0.0000521146762218  0.0000376753906726  0.0000345343622501  0.0000024659332412 -0.0000044197274420 -0.0000094647082260 -0.0000251342736738  0.0000077240990569 -0.0000104525255584
 -0.0000151710956871  0.0002523538209837 -0.0000521146762218  0.0012740460219565 -0.0008882281322206 -0.0008141758195804 -0.0000581363918963  0.0001041986872766  0.0002231382331947  0.0005925610474481 -0.0001821019492005  0.0002464268342808
  0.0000109676774064 -0.0001824347666063  0.0000376753906726 -0.0008882281322206  0.0006875288714330  0.0005885941217081  0.0000420286843511 -0.0000753286125008 -0.0001613138700857 -0.0004283816110640  0.0001316474086718 -0.0001781499555755
  0.0000100532930869 -0.0001672250295093  0.0000345343622501 -0.0008141758195804  0.0005885941217081  0.0005849224736430  0.0000385247182409 -0.0000690484038908 -0.0001478649995676 -0.0003926670825086  0.0001206718555323 -0.0001632974467114
  0.0000007178574611 -0.0000119407376351  0.0000024659332412 -0.0000581363918963  0.0000420286843511  0.0000385247182409  0.0000481507951941 -0.0000049304154850 -0.0000105583307142 -0.0000280384738093  0.0000086165986699 -0.0000116602877774
 -0.0000012866262019  0.0000214015549659 -0.0000044197274420  0.0001041986872766 -0.0000753286125008 -0.0000690484038908 -0.0000049304154850  0.0000542367840032  0.0000189238472558  0.0000502537579109 -0.0000154436531217  0.0000208989006720
 -0.0000027552698118  0.0000458307612843 -0.0000094647082260  0.0002231382331947 -0.0001613138700857 -0.0001478649995676 -0.0000105583307142  0.0000189238472558  0.0000859247573996  0.0001076168524261 -0.0000330721006351  0.0000447543428189
 -0.0000073168346918  0.0001217071746207 -0.0000251342736738  0.0005925610474481 -0.0004283816110640 -0.0003926670825086 -0.0000280384738093  0.0000502537579109  0.0001076168524261  0.0003311849065622 -0.0000878255524078  0.0001188486611145
  0.0000022485613340 -0.0000374022454320  0.0000077240990569 -0.0001821019492005  0.0001316474086718  0.0001206718555323  0.0000086165986699 -0.0000154436531217 -0.0000330721006351 -0.0000878255524078  0.0000723898987318 -0.0000365237859323
 -0.0000030428331694  0.0000506140487638 -0.0000104525255584  0.0002464268342808 -0.0001781499555755 -0.0001632974467114 -0.0000116602877774  0.0000208989006720  0.0000447543428189  0.0001188486611145 -0.0000365237859323  0.0000948252158880



  0.0000453999297625  0.0000000000000000  0.0000000000000000  0.0000000000000000  0.0000000000000000  0.0000000000000000  0.0000000000000000  0.0000000000000000  0.0000000000000000  0.0000000000000000  0.0000000000000000  0.0000000000000000
  0.0000000000000000  0.0000453999297625  0.0000000000000000  0.0000000000000000  0.0000000000000000  0.0000000000000000  0.0000000000000000  0.0000000000000000  0.0000000000000000  0.0000000000000000  0.0000000000000000  0.0000000000000000
  0.0000000000000000  0.0000000000000000  0.0000453999297625  0.0000000000000000  0.0000000000000000  0.0000000000000000  0.0000000000000000  0.0000000000000000  0.0000000000000000  0.0000000000000000  0.0000000000000000  0.0000000000000000
  0.0000000000000000  0.0000000000000000  0.0000000000000000  0.0000453999297625  0.0000000000000000  0.0000000000000000  0.0000000000000000  0.0000000000000000  0.0000000000000000  0.0000000000000000  0.0000000000000000  0.0000000000000000
  0.0000000000000000  0.0000000000000000  0.0000000000000000  0.0000000000000000  0.0000453999297625  0.0000000000000000  0.0000000000000000  0.0000000000000000  0.0000000000000000  0.0000000000000000  0.0000000000000000  0.0000000000000000
  0.0000000000000000  0.0000000000000000  0.0000000000000000  0.0000000000000000  0.0000000000000000  0.0000453999297625  0.0000000000000000  0.0000000000000000  0.0000000000000000  0.0000000000000000  0.0000000000000000  0.0000000000000000
  0.0000000000000000  0.0000000000000000  0.0000000000000000  0.0000000000000000  0.0000000000000000  0.0000000000000000  0.0000453999297625  0.0000000000000000  0.0000000000000000  0.0000000000000000  0.0000000000000000  0.0000000000000000
  0.0000000000000000  0.0000000000000000  0.0000000000000000  0.0000000000000000  0.0000000000000000  0.0000000000000000  0.0000000000000000  0.0000453999297625  0.0000000000000000  0.0000000000000000  0.0000000000000000  0.0000000000000000
  0.0000000000000000  0.0000000000000000  0.0000000000000000  0.0000000000000000  0.0000000000000000  0.0000000000000000  0.0000000000000000  0.0000000000000000  0.0000453999297625  0.0000000000000000  0.0000000000000000  0.0000000000000000
  0.0000000000000000  0.0000000000000000  0.0000000000000000  0.0000000000000000  0.0000000000000000  0.0000000000000000  0.0000000000000000  0.0000000000000000  0.0000000000000000  0.0000453999297625  0.0000000000000000  0.0000000000000000
  0.0000000000000000  0.0000000000000000  0.0000000000000000  0.0000000000000000  0.0000000000000000  0.0000000000000000  0.0000000000000000  0.0000000000000000  0.0000000000000000  0.0000000000000000  0.0000453999297625  0.0000000000000000
  0.0000000000000000  0.0000000000000000  0.0000000000000000  0.0000000000000000  0.0000000000000000  0.0000000000000000  0.0000000000000000  0.0000000000000000  0.0000000000000000  0.0000000000000000  0.0000000000000000  0.0000453999297625



  0.0000513095542378 -0.0000407618941078  0.0000104951582081 -0.0000301087634039  0.0000269072263615  0.0000006323005504  0.0000085394709350 -0.0000061960617361  0.0000013461664953 -0.0000203973374718 -0.0000136507809515 -0.0000002900315727
 -0.0000407618941078  0.0003265568828316 -0.0000723908142235  0.0002076765166243 -0.0001855937744046 -0.0000043613207890 -0.0000589013754506  0.0000427376076820 -0.0000092852424655  0.0001406915301615  0.0000941568605519  0.0000020005054979
  0.0000104951582081 -0.0000723908142235  0.0000640387360475 -0.0000534714577371  0.0000477857093602  0.0000011229299491  0.0000151656165043 -0.0000110038545528  0.0000023907154171 -0.0000362245155653 -0.0000242430134687 -0.0000005150796389
 -0.0000301087634039  0.0002076765166243 -0.0000534714577371  0.0001988001394546 -0.0001370887973951 -0.0000032214885652 -0.0000435074869905  0.0000315681237664 -0.0000068585421423  0.0001039217653469  0.0000695489426893  0.0000014776729110
  0.0000269072263615 -0.0001855937744046  0.0000477857093602 -0.0001370887973951  0.0001679117464605  0.0000028789399579  0.0000388812315262 -0.0000282114094357  0.0000061292569030 -0.0000928715147337 -0.0000621536367682 -0.0000013205484055
  0.0000006323005504 -0.0000043613207890  0.0000011229299491 -0.0000032214885652  0.0000028789399579  0.0000454675827898  0.0000009136810968 -0.0000006629479187  0.0000001440331479 -0.0000021824140881 -0.0000014605659539 -0.0000000310319418
  0.0000085394709350 -0.0000589013754506  0.0000151656165043 -0.0000435074869905  0.0000388812315262  0.0000009136810968  0.0000577395571204 -0.0000089533758581  0.0000019452250661 -0.0000294743720555 -0.0000197255253127 -0.0000004190987423
 -0.0000061960617361  0.0000427376076820 -0.0000110038545528  0.0000315681237664 -0.0000282114094357 -0.0000006629479187 -0.0000089533758581  0.0000518963122650 -0.0000014114146756  0.0000213859886963  0.0000143124291358  0.0000003040892932
  0.0000013461664953 -0.0000092852424655  0.0000023907154171 -0.0000068585421423  0.0000061292569030  0.0000001440331479  0.0000019452250661 -0.0000014114146756  0.0000457065760207 -0.0000046463548425 -0.0000031095417363 -0.0000000660669366
 -0.0000203973374718  0.0001406915301615 -0.0000362245155653  0.0001039217653469 -0.0000928715147337 -0.0000021824140881 -0.0000294743720555  0.0000213859886963 -0.0000046463548425  0.0001158022671158  0.0000471162908890  0.0000010010571552
 -0.0000136507809515  0.0000941568605519 -0.0000242430134687  0.0000695489426893 -0.0000621536367682 -0.0000014605659539 -0.0000197255253127  0.0000143124291358 -0.0000031095417363  0.0000471162908890  0.0000769321906304  0.0000006699507700
 -0.0000002900315727  0.0000020005054979 -0.0000005150796389  0.0000014776729110 -0.0000013205484055 -0.0000000310319418 -0.0000004190987423  0.0000003040892932 -0.0000000660669366  0.0000010010571552  0.0000006699507700  0.0000454141638840



  0.5097652482196537  0.3443909908859690  0.2011423492766160  0.2065851767914793 -0.8513075513884705 -0.5123636518489275  0.2670409285433208 -0.1496230211252522 -0.0099195111444460  0.6905184813863106 -0.1860357294178075 -0.0347756713847238
  0.3443909908859690  0.2327326080235579  0.1359011093539977  0.1395788655275946 -0.5751841498946673 -0.3461780394618535  0.1804254084990143 -0.1010925907407734 -0.0067023247535761  0.4665477433410564 -0.1256946261325144 -0.0234964831984997
  0.2011423492766160  0.1359011093539977  0.0794191042659748  0.0815212278669251 -0.3359372562902796 -0.2021849394567699  0.1053781014357841 -0.0590431286690722 -0.0039141660295247  0.2724874062698228 -0.0734121869378716 -0.0137226053818651
  0.2065851767914793  0.1395788655275946  0.0815212278669251  0.0837726672941808 -0.3450278885152374 -0.2076569435138141  0.1082293963556095 -0.0606410065701018 -0.0040203712722836  0.2798615414756779 -0.0753987306578441 -0.0140944153784102
 -0.8513075513884705 -0.5751841498946673 -0.3359372562902796 -0.3450278885152374  1.4218551822735523  0.8557238212282037 -0.4459977101448288  0.2498927269834996  0.0165672692334623 -1.1532685728011247  0.3107072198011351  0.0580808789588793
 -0.5123636518489275 -0.3461780394618535 -0.2021849394567699 -0.2076569435138141  0.8557238212282037  0.5150688212114477 -0.2684255613687316  0.1503995394733669  0.0099716378422656 -0.6941017768600984  0.1870007506263819  0.0349571711496443
  0.2670409285433208  0.1804254084990143  0.1053781014357841  0.1082293963556095 -0.4459977101448288 -0.2684255613687316  0.1399475508651188 -0.0783870280772620 -0.0051966717589750  0.3617605265473507 -0.0974636251986806 -0.0182186610768305
 -0.1496230211252522 -0.1010925907407734 -0.0590431286690722 -0.0606410065701018  0.2498927269834996  0.1503995394733669 -0.0783870280772620  0.0439657922266060  0.0029119077117410 -0.2026949519301121  0.0546088950856883  0.0102082692202500
