
  0.0000453999297625  0.0000000000000000  0.0000000000000000  0.0000000000000000  0.0000000000000000  0.0000000000000000  0.0000000000000000  0.0000000000000000  0.0000000000000000  0.0000000000000000  0.0000000000000000  0.0000000000000000
  0.0000000000000000  0.0000453999297625  0.0000000000000000  0.0000000000000000  0.0000000000000000  0.0000000000000000  0.0000000000000000  0.0000000000000000  0.0000000000000000  0.0000000000000000  0.0000000000000000  0.0000000000000000
  0.0000000000000000  0.0000000000000000  0.0000453999297625  0.0000000000000000  0.0000000000000000  0.0000000000000000  0.0000000000000000  0.0000000000000000  0.0000000000000000  0.0000000000000000  0.0000000000000000  0.0000000000000000
  0.0000000000000000  0.0000000000000000  0.0000000000000000  0.0000453999297625  0.0000000000000000  0.0000000000000000  0.0000000000000000  0.0000000000000000  0.0000000000000000  0.0000000000000000  0.0000000000000000  0.0000000000000000
  0.0000000000000000  0.0000000000000000  0.0000000000000000  0.0000000000000000  0.0000453999297625  0.0000000000000000  0.0000000000000000  0.0000000000000000  0.0000000000000000  0.0000000000000000  0.0000000000000000  0.0000000000000000
  0.0000000000000000  0.0000000000000000  0.0000000000000000  0.0000000000000000  0.0000000000000000  0.0000453999297625  0.0000000000000000  0.0000000000000000  0.0000000000000000  0.0000000000000000  0.0000000000000000  0.0000000000000000
  0.0000000000000000  0.0000000000000000  0.0000000000000000  0.0000000000000000  0.0000000000000000  0.0000000000000000  0.0000453999297625  0.0000000000000000  0.0000000000000000  0.0000000000000000  0.0000000000000000  0.0000000000000000
  0.0000000000000000  0.0000000000000000  0.0000000000000000  0.0000000000000000  0.0000000000000000  0.0000000000000000  0.0000000000000000  0.0000453999297625  0.0000000000000000  0.0000000000000000  0.0000000000000000  0.0000000000000000
  0.0000000000000000  0.0000000000000000  0.0000000000000000  0.0000000000000000  0.0000000000000000  0.0000000000000000  0.0000000000000000  0.0000000000000000  0.0000453999297625  0.0000000000000000  0.0000000000000000  0.0000000000000000
  0.0000000000000000  0.0000000000000000  0.0000000000000000  0.0000000000000000  0.0000000000000000  0.0000000000000000  0.0000000000000000  0.0000000000000000  0.0000000000000000  0.0000453999297625  0.0000000000000000  0.0000000000000000
  0.0000000000000000  0.0000000000000000  0.0000000000000000  0.0000000000000000  0.0000000000000000  0.0000000000000000  0.0000000000000000  0.0000000000000000  0.0000000000000000  0.0000000000000000  0.0000453999297625  0.0000000000000000
  0.0000000000000000  0.0000000000000000  0.0000000000000000  0.0000000000000000  0.0000000000000000  0.0000000000000000  0.0000000000000000  0.0000000000000000  0.0000000000000000  0.0000000000000000  0.0000000000000000  0.0000453999297625



  0.0000756605730809  0.0000214402588326  0.0000380066549134  0.0000155553447880 -0.0000253461300130  0.0000358844913896  0.0000318306033981 -0.0000137498015333 -0.0000166717160509 -0.0000253429540819 -0.0000000365665610  0.0000034903891840
  0.0000214402588326  0.0000605907733269  0.0000269284598523  0.0000110212666325 -0.0000179582298421  0.0000254248654060  0.0000225526063167 -0.0000097420038520 -0.0000118122375507 -0.0000179559796327 -0.0000000259081251  0.0000024730091408
  0.0000380066549134  0.0000269284598523  0.0000931353927039  0.0000195371464908 -0.0000318341420127  0.0000450700755644  0.0000399784877772 -0.0000172694267106 -0.0000209392824895 -0.0000318301531181 -0.0000000459267390  0.0000043838465638
  0.0000155553447880  0.0000110212666325  0.0000195371464908  0.0000533960833448 -0.0000130290617832  0.0000184462580730  0.0000163623755601 -0.0000070680223605 -0.0000085700191053 -0.0000130274292103 -0.0000000187968728  0.0000017942185376
 -0.0000253461300130 -0.0000179582298421 -0.0000318341420127 -0.0000130290617832  0.0000666296934485 -0.0000300566308073 -0.0000266611189865  0.0000115167497812  0.0000139641275342  0.0000212271035455  0.0000000306279282 -0.0000029235286614
  0.0000358844913896  0.0000254248654060  0.0000450700755644  0.0000184462580730 -0.0000300566308073  0.0000879534441984  0.0000377462237516 -0.0000163051601230 -0.0000197701035230 -0.0000300528646390 -0.0000000433623446  0.0000041390673457
  0.0000318306033981  0.0000225526063167  0.0000399784877772  0.0000163623755601 -0.0000266611189865  0.0000377462237516  0.0000788819447356 -0.0000144631584598 -0.0000175366655624 -0.0000266577782841 -0.0000000384636800  0.0000036714749469
 -0.0000137498015333 -0.0000097420038520 -0.0000172694267106 -0.0000070680223605  0.0000115167497812 -0.0000163051601230 -0.0000144631584598  0.0000516475511437  0.0000075752780437  0.0000115153067047  0.0000000166150783 -0.0000015859596258
 -0.0000166717160509 -0.0000118122375507 -0.0000209392824895 -0.0000085700191053  0.0000139641275342 -0.0000197701035230 -0.0000175366655624  0.0000075752780437  0.0000545849993975  0.0000139623777954  0.0000000201458811 -0.0000019229854690
 -0.0000253429540819 -0.0000179559796327 -0.0000318301531181 -0.0000130274292103  0.0000212271035455 -0.0000300528646390 -0.0000266577782841  0.0000115153067047  0.0000139623777954  0.0000666243735008  0.0000000306240904 -0.0000029231623362
 -0.0000000365665610 -0.0000000259081251 -0.0000000459267390 -0.0000000187968728  0.0000000306279282 -0.0000000433623446 -0.0000000384636800  0.0000000166150783  0.0000000201458811  0.0000000306240904  0.0000453999739490 -0.0000000042177401
  0.0000034903891840  0.0000024730091408  0.0000043838465638  0.0000017942185376 -0.0000029235286614  0.0000041390673457  0.0000036714749469 -0.0000015859596258 -0.0000019229854690 -0.0000029231623362 -0.0000000042177401  0.0000458025258517



  0.0000454594291217  0.0000012107429917 -0.0000000314590502  0.0000012142202720  0.0000010805055143  0.0000007513317290  0.0000007455169711 -0.0000003492912245 -0.0000007253703835  0.0000002762601825 -0.0000003420255471 -0.0000012507074289
  0.0000012107429917  0.0000700371462127 -0.0000006401552053  0.0000247079750747  0.0000219870347505  0.0000152887297796  0.0000151704061965 -0.0000071076715393 -0.0000147604464924  0.0000056215744874 -0.0000069598234258 -0.0000254504464236
 -0.0000000314590502 -0.0000006401552053  0.0000454165630817 -0.0000006419937450 -0.0000005712948446 -0.0000003972510438 -0.0000003941766113  0.0000001846804789  0.0000003835245217 -0.0000001460668326  0.0000001808389029  0.0000006612855713
  0.0000012142202720  0.0000247079750747 -0.0000006419937450  0.0000701788666819  0.0000220501819951  0.0000153326393458  0.0000152139759349 -0.0000071280849274 -0.0000148028388175  0.0000056377197723 -0.0000069798121909 -0.0000255235406624
  0.0000010805055143  0.0000219870347505 -0.0000005712948446  0.0000220501819951  0.0000650218581608  0.0000136441482191  0.0000135385524942 -0.0000063431119114 -0.0000131726914287  0.0000050168716850 -0.0000062111675574 -0.0000227127870172
  0.0000007513317290  0.0000152887297796 -0.0000003972510438  0.0000153326393458  0.0000136441482191  0.0000548874162545  0.0000094140602878 -0.0000044106958976 -0.0000091596580443  0.0000034884920318 -0.0000043189481200 -0.0000157933831091
  0.0000007455169711  0.0000151704061965 -0.0000003941766113  0.0000152139759349  0.0000135385524942  0.0000094140602878  0.0000547411321111 -0.0000043765603383 -0.0000090887689924  0.0000034614936557 -0.0000042855226214 -0.0000156711538785
 -0.0000003492912245 -0.0000071076715393  0.0000001846804789 -0.0000071280849274 -0.0000063431119114 -0.0000044106958976 -0.0000043765603383  0.0000474504452829  0.0000042582897160 -0.0000016217864981  0.0000020078623323  0.0000073422829268
 -0.0000007253703835 -0.0000147604464924  0.0000003835245217 -0.0000148028388175 -0.0000131726914287 -0.0000091596580443 -0.0000090887689924  0.0000042582897160  0.0000542430870686 -0.0000033679514726  0.0000041697121702  0.0000152476621457
  0.0000002762601825  0.0000056215744874 -0.0000001460668326  0.0000056377197723  0.0000050168716850  0.0000034884920318  0.0000034614936557 -0.0000016217864981 -0.0000033679514726  0.0000466826274155 -0.0000015880513891 -0.0000058071324980
 -0.0000003420255471 -0.0000069598234258  0.0000001808389029 -0.0000069798121909 -0.0000062111675574 -0.0000043189481200 -0.0000042855226214  0.0000020078623323  0.0000041697121702 -0.0000015880513891  0.0000473660261442  0.0000071895546144
 -0.0000012507074289 -0.0000254504464236  0.0000006612855713 -0.0000255235406624 -0.0000227127870172 -0.0000157933831091 -0.0000156711538785  0.0000073422829268  0.0000152476621457 -0.0000058071324980  0.0000071895546144  0.0000716904494107



  0.0000457448902529 -0.0000017406436770  0.0000093529021222 -0.0000012510328417  0.0000004690185038  0.0000040318671686 -0.0000003874202329  0.0000046609943179  0.0000059637521390  0.0000011583667298 -0.0000006027429590  0.0000116146750103
 -0.0000017406436770  0.0000541830817319 -0.0000471940132140  0.0000063126139555 -0.0000023666307179 -0.0000203444866573  0.0000019548922199 -0.0000235190130889 -0.0000300926272483 -0.0000058450279964  0.0000030413938688 -0.0000586067424585
  0.0000093529021222 -0.0000471940132140  0.0002989848490482 -0.0000339192111749  0.0000127164828484  0.0001093158783407 -0.0000105041116879  0.0001263733814876  0.0001616950102816  0.0000314067580134 -0.0000163421494850  0.0003149082911970
 -0.0000012510328417  0.0000063126139555 -0.0000339192111749  0.0000499369223012 -0.0000017009413192 -0.0000146219592736  0.0000014050172366 -0.0000169035502018 -0.0000216281284199 -0.0000042009298517  0.0000021859060901 -0.0000421217510092
  0.0000004690185038 -0.0000023666307179  0.0000127164828484 -0.0000017009413192  0.0000460376212170  0.0000054818460652 -0.0000005267480278  0.0000063372259782  0.0000081084941120  0.0000015749497278 -0.0000008195071861  0.0000157916562827
  0.0000040318671686 -0.0000203444866573  0.0001093158783407 -0.0000146219592736  0.0000054818460652  0.0000925240304033 -0.0000045281328187  0.0000544772821472  0.0000697037983254  0.0000135388860968 -0.0000070448054638  0.0001357512763217
 -0.0000003874202329  0.0000019548922199 -0.0000105041116879  0.0000014050172366 -0.0000005267480278 -0.0000045281328187  0.0000458350359299 -0.0000052346965950 -0.0000066978054222 -0.0000013009452410  0.0000006769320664 -0.0000130442767318
  0.0000046609943179 -0.0000235190130889  0.0001263733814876 -0.0000169035502018  0.0000063372259782  0.0000544772821472 -0.0000052346965950  0.0001083777740034  0.0000805802855963  0.0000156514757380 -0.0000081440674667  0.0001569337235399
  0.0000059637521390 -0.0000300926272483  0.0001616950102816 -0.0000216281284199  0.0000081084941120  0.0000697037983254 -0.0000066978054222  0.0000805802855963  0.0001485025764956  0.0000200260964816 -0.0000104203516378  0.0002007970329083
  0.0000011583667298 -0.0000058450279964  0.0000314067580134 -0.0000042009298517  0.0000015749497278  0.0000135388860968 -0.0000013009452410  0.0000156514757380  0.0000200260964816  0.0000492896896571 -0.0000020239923405  0.0000390017218922
 -0.0000006027429590  0.0000030413938688 -0.0000163421494850  0.0000021859060901 -0.0000008195071861 -0.0000070448054638  0.0000006769320664 -0.0000081440674667 -0.0000104203516378 -0.0000020239923405  0.0000464530911671 -0.0000202941025961
  0.0000116146750103 -0.0000586067424585  0.0003149082911970 -0.0000421217510092  0.0000157916562827  0.0001357512763217 -0.0000130442767318  0.0001569337235399  0.0002007970329083  0.0000390017218922 -0.0000202941025961  0.0004364611653594



  0.0000453999297625  0.0000000000000000  0.0000000000000000  0.0000000000000000  0.0000000000000000  0.0000000000000000  0.0000000000000000  0.0000000000000000  0.0000000000000000  0.0000000000000000  0.0000000000000000  0.0000000000000000
  0.0000000000000000  0.0000453999297625  0.0000000000000000  0.0000000000000000  0.0000000000000000  0.0000000000000000  0.0000000000000000  0.0000000000000000  0.0000000000000000  0.0000000000000000  0.0000000000000000  0.0000000000000000
  0.0000000000000000  0.0000000000000000  0.0000453999297625  0.0000000000000000  0.0000000000000000  0.0000000000000000  0.0000000000000000  0.0000000000000000  0.0000000000000000  0.0000000000000000  0.0000000000000000  0.0000000000000000
  0.0000000000000000  0.0000000000000000  0.0000000000000000  0.0000453999297625  0.0000000000000000  0.0000000000000000  0.0000000000000000  0.0000000000000000  0.0000000000000000  0.0000000000000000  0.0000000000000000  0.0000000000000000
  0.0000000000000000  0.0000000000000000  0.0000000000000000  0.0000000000000000  0.0000453999297625  0.0000000000000000  0.0000000000000000  0.0000000000000000  0.0000000000000000  0.0000000000000000  0.0000000000000000  0.0000000000000000
  0.0000000000000000  0.0000000000000000  0.0000000000000000  0.0000000000000000  0.0000000000000000  0.0000453999297625  0.0000000000000000  0.0000000000000000  0.0000000000000000  0.0000000000000000  0.0000000000000000  0.0000000000000000
  0.0000000000000000  0.0000000000000000  0.0000000000000000  0.0000000000000000  0.0000000000000000  0.0000000000000000  0.0000453999297625  0.0000000000000000  0.0000000000000000  0.0000000000000000  0.0000000000000000  0.0000000000000000
  0.0000000000000000  0.0000000000000000  0.0000000000000000  0.0000000000000000  0.0000000000000000  0.0000000000000000  0.0000000000000000  0.0000453999297625  0.0000000000000000  0.0000000000000000  0.0000000000000000  0.0000000000000000
  0.0000000000000000  0.0000000000000000  0.0000000000000000  0.0000000000000000  0.0000000000000000  0.0000000000000000  0.0000000000000000  0.0000000000000000  0.0000453999297625  0.0000000000000000  0.0000000000000000  0.0000000000000000
  0.0000000000000000  0.0000000000000000  0.0000000000000000  0.0000000000000000  0.0000000000000000  0.0000000000000000  0.0000000000000000  0.0000000000000000  0.0000000000000000  0.0000453999297625  0.0000000000000000  0.0000000000000000
  0.0000000000000000  0.0000000000000000  0.0000000000000000  0.0000000000000000  0.0000000000000000  0.0000000000000000  0.0000000000000000  0.0000000000000000  0.0000000000000000  0.0000000000000000  0.0000453999297625  0.0000000000000000
  0.0000000000000000  0.0000000000000000  0.0000000000000000  0.0000000000000000  0.0000000000000000  0.0000000000000000  0.0000000000000000  0.0000000000000000  0.0000000000000000  0.0000000000000000  0.0000000000000000  0.0000453999297625



  0.0000453999297625  0.0000000000000000  0.0000000000000000  0.0000000000000000  0.0000000000000000  0.0000000000000000  0.0000000000000000  0.0000000000000000  0.0000000000000000  0.0000000000000000  0.0000000000000000  0.0000000000000000
  0.0000000000000000  0.0000453999297625  0.0000000000000000  0.0000000000000000  0.0000000000000000  0.0000000000000000  0.0000000000000000  0.0000000000000000  0.0000000000000000  0.0000000000000000  0.0000000000000000  0.0000000000000000
  0.0000000000000000  0.0000000000000000  0.0000453999297625  0.0000000000000000  0.0000000000000000  0.0000000000000000  0.0000000000000000  0.0000000000000000  0.0000000000000000  0.0000000000000000  0.0000000000000000  0.0000000000000000
  0.0000000000000000  0.0000000000000000  0.0000000000000000  0.0000453999297625  0.0000000000000000  0.0000000000000000  0.0000000000000000  0.0000000000000000  0.0000000000000000  0.0000000000000000  0.0000000000000000  0.0000000000000000
  0.0000000000000000  0.0000000000000000  0.0000000000000000  0.0000000000000000  0.0000453999297625  0.0000000000000000  0.0000000000000000  0.0000000000000000  0.0000000000000000  0.0000000000000000  0.0000000000000000  0.0000000000000000
  0.0000000000000000  0.0000000000000000  0.0000000000000000  0.0000000000000000  0.0000000000000000  0.0000453999297625  0.0000000000000000  0.0000000000000000  0.0000000000000000  0.0000000000000000  0.0000000000000000  0.0000000000000000
  0.0000000000000000  0.0000000000000000  0.0000000000000000  0.0000000000000000  0.0000000000000000  0.0000000000000000  0.0000453999297625  0.0000000000000000  0.0000000000000000  0.0000000000000000  0.0000000000000000  0.0000000000000000
  0.0000000000000000  0.0000000000000000  0.0000000000000000  0.0000000000000000  0.0000000000000000  0.0000000000000000  0.0000000000000000  0.0000453999297625  0.0000000000000000  0.0000000000000000  0.0000000000000000  0.0000000000000000
  0.0000000000000000  0.0000000000000000  0.0000000000000000  0.0000000000000000  0.0000000000000000  0.0000000000000000  0.0000000000000000  0.0000000000000000  0.0000453999297625  0.0000000000000000  0.0000000000000000  0.0000000000000000
  0.0000000000000000  0.0000000000000000  0.0000000000000000  0.0000000000000000  0.0000000000000000  0.0000000000000000  0.0000000000000000  0.0000000000000000  0.0000000000000000  0.0000453999297625  0.0000000000000000  0.0000000000000000
  0.0000000000000000  0.0000000000000000  0.0000000000000000  0.0000000000000000  0.0000000000000000  0.0000000000000000  0.0000000000000000  0.0000000000000000  0.0000000000000000  0.0000000000000000  0.0000453999297625  0.0000000000000000
  0.0000000000000000  0.0000000000000000  0.0000000000000000  0.0000000000000000  0.0000000000000000  0.0000000000000000  0.0000000000000000  0.0000000000000000  0.0000000000000000  0.0000000000000000  0.0000000000000000  0.0000453999297625



  0.0000541760468396 -0.0029178077421636 -0.0014677808836098 -0.0032630343307347  0.0000373983690554  0.0019781830097995 -0.0023930349584022 -0.0028059699590138  0.0020461253563785  0.0010452957527896 -0.0011632995129655 -0.0009318088756004
 -0.0029178077421636  0.9705077071796006  0.4881847935540886  1.0852823839049757 -0.0124405951495761 -0.6579415134748016  0.7959223587855349  0.9332657614294155 -0.6805404538424563 -0.3476628167780801  0.3869123406433724  0.3099191984989599
 -0.0014677808836098  0.4881847935540886  0.2456236097005793  0.5459442844693663 -0.0062581668404184 -0.3309732219666602  0.4003835982783348  0.4694733135846153 -0.3423414769739026 -0.1748895265435791  0.1946337505109642  0.1559028496412963
 -0.0032630343307347  1.0852823839049757  0.5459442844693663  1.2137327907692779 -0.0139124906814125 -0.7357857581297612  0.8900917759030349  1.0436849312993480 -0.7610584802650635 -0.3887964955577384  0.4326898110511979  0.3465872353202031
  0.0000373983690554 -0.0124405951495761 -0.0062581668404184 -0.0139124906814125  0.0002048886570543  0.0084343051175185 -0.0102031214501768 -0.0119637669285635  0.0087240132459348  0.0044567632476087 -0.0049599201507165 -0.0039729291636197
  0.0019781830097995 -0.6579415134748016 -0.3309732219666602 -0.7357857581297612  0.0084343051175185  0.4461081064978238 -0.5396091741999317 -0.6327234760401212  0.4613840382475413  0.2357039619314167 -0.2623138405794325 -0.2101150206312304
 -0.0023930349584022  0.7959223587855349  0.4003835982783348  0.8900917759030349 -0.0102031214501768 -0.5396091741999317  0.6528192351157779  0.7654156988601810 -0.5581436393303478 -0.2851348382086291  0.3173252396143385  0.2541794957659662
 -0.0028059699590138  0.9332657614294155  0.4694733135846153  1.0436849312993480 -0.0119637669285635 -0.6327234760401212  0.7654156988601810  0.8975403115262587 -0.6544562311100312 -0.3343373532941132  0.3720824971642043  0.2980404021391548
  0.0020461253563785 -0.6805404538424563 -0.3423414769739026 -0.7610584802650635  0.0087240132459348  0.4613840382475413 -0.5581436393303478 -0.6544562311100312  0.4772770310744752  0.2437999004424735 -0.2713237793416369 -0.2173320393077501
  0.0010452957527896 -0.3476628167780801 -0.1748895265435791 -0.3887964955577384  0.0044567632476087  0.2357039619314167 -0.2851348382086291 -0.3343373532941132  0.2437999004424735  0.1245937184126264 -0.1386092364685092 -0.1110268603889232
 -0.0011632995129655  0.3869123406433724  0.1946337505109642  0.4326898110511979 -0.0049599201507165 -0.2623138405794325  0.3173252396143385  0.3720824971642043 -0.2713237793416369 -0.1386092364685092  0.1543029740094323  0.1235612781462389
 -0.0009318088756004  0.3099191984989599  0.1559028496412963  0.3465872353202031 -0.0039729291636197 -0.2101150206312304  0.2541794957659662  0.2980404021391548 -0.2173320393077501 -0.1110268603889232  0.1235612781462389  0.0990187542308958



  0.0000582339454098  0.0000233434119169 -0.0000033072947948 -0.0000116500434163 -0.0000069686744919  0.0000133945323635 -0.0000042679314655 -0.0000038983341953 -0.0000228116685064  0.0000030598081905  0.0000189212213170  0.0000124737186307
  0.0000233434119169  0.0000878585720842 -0.0000060155407977 -0.0000211899198030 -0.0000126751161639  0.0000243629192130 -0.0000077628144589 -0.0000070905649027 -0.0000414914699412  0.0000055653947246  0.0000344152504806  0.0000226880783173
 -0.0000033072947948 -0.0000060155407977  0.0000462522116328  0.0000030021880141  0.0000017958105636 -0.0000034517385970  0.0000010998356172  0.0000010045912945  0.0000058785118068 -0.0000007885051709 -0.0000048759529747 -0.0000032144471249
 -0.0000116500434163 -0.0000211899198030  0.0000030021880141  0.0000559752255492  0.0000063257956524 -0.0000121588509679  0.0000038742033855  0.0000035387024509  0.0000207072311427 -0.0000027775327103 -0.0000171756881003 -0.0000113229847621
 -0.0000069686744919 -0.0000126751161639  0.0000017958105636  0.0000063257956524  0.0000491838135841 -0.0000072730265084  0.0000023174216047  0.0000021167359316  0.0000123863876129 -0.0000016614291172 -0.0000102739342051 -0.0000067730387144
  0.0000133945323635  0.0000243629192130 -0.0000034517385970 -0.0000121588509679 -0.0000072730265084  0.0000593794590202 -0.0000044543304068 -0.0000040685912326 -0.0000238079522785  0.0000031934431873  0.0000197475925113  0.0000130184996250
 -0.0000042679314655 -0.0000077628144589  0.0000010998356172  0.0000038742033855  0.0000023174216047 -0.0000044543304068  0.0000468192235747  0.0000012963848286  0.0000075859840345 -0.0000010175343411 -0.0000062922220172 -0.0000041481152664
 -0.0000038983341953 -0.0000070905649027  0.0000010045912945  0.0000035387024509  0.0000021167359316 -0.0000040685912326  0.0000012963848286  0.0000465840493643  0.0000069290477613 -0.0000009294172010 -0.0000057473238387 -0.0000037888939220
 -0.0000228116685064 -0.0000414914699412  0.0000058785118068  0.0000207072311427  0.0000123863876129 -0.0000238079522785  0.0000075859840345  0.0000069290477613  0.0000859462587016 -0.0000054386196849 -0.0000336312998427 -0.0000221712628585
  0.0000030598081905  0.0000055653947246 -0.0000007885051709 -0.0000027775327103 -0.0000016614291172  0.0000031934431873 -0.0000010175343411 -0.0000009294172010 -0.0000054386196849  0.0000461294306779  0.0000045110828561  0.0000029739083605
  0.0000189212213170  0.0000344152504806 -0.0000048759529747 -0.0000171756881003 -0.0000102739342051  0.0000197475925113 -0.0000062922220172 -0.0000057473238387 -0.0000336312998427  0.0000045110828561  0.0000732955335989  0.0000183900345258
  0.0000124737186307  0.0000226880783173 -0.0000032144471249 -0.0000113229847621 -0.0000067730387144  0.0000130184996250 -0.0000041481152664 -0.0000037888939220 -0.0000221712628585  0.0000029739083605  0.0000183900345258  0.0000575234662108



  0.0000453999297625  0.0000000000000000  0.0000000000000000  0.0000000000000000  0.0000000000000000  0.0000000000000000  0.0000000000000000  0.0000000000000000  0.0000000000000000  0.0000000000000000  0.0000000000000000  0.0000000000000000
  0.0000000000000000  0.0000453999297625  0.0000000000000000  0.0000000000000000  0.0000000000000000  0.0000000000000000  0.0000000000000000  0.0000000000000000  0.0000000000000000  0.0000000000000000  0.0000000000000000  0.0000000000000000
  0.0000000000000000  0.0000000000000000  0.0000453999297625  0.0000000000000000  0.0000000000000000  0.0000000000000000  0.0000000000000000  0.0000000000000000  0.0000000000000000  0.0000000000000000  0.0000000000000000  0.0000000000000000
  0.0000000000000000  0.0000000000000000  0.0000000000000000  0.0000453999297625  0.0000000000000000  0.0000000000000000  0.0000000000000000  0.0000000000000000  0.0000000000000000  0.0000000000000000  0.0000000000000000  0.0000000000000000
  0.0000000000000000  0.0000000000000000  0.0000000000000000  0.0000000000000000  0.0000453999297625  0.0000000000000000  0.0000000000000000  0.0000000000000000  0.0000000000000000  0.0000000000000000  0.0000000000000000  0.0000000000000000
  0.0000000000000000  0.0000000000000000  0.0000000000000000  0.0000000000000000  0.0000000000000000  0.0000453999297625  0.0000000000000000  0.0000000000000000  0.0000000000000000  0.0000000000000000  0.0000000000000000  0.0000000000000000
  0.0000000000000000  0.0000000000000000  0.0000000000000000  0.0000000000000000  0.0000000000000000  0.0000000000000000  0.0000453999297625  0.0000000000000000  0.0000000000000000  0.0000000000000000  0.0000000000000000  0.0000000000000000
  0.0000000000000000  0.0000000000000000  0.0000000000000000  0.0000000000000000  0.0000000000000000  0.0000000000000000  0.0000000000000000  0.0000453999297625  0.0000000000000000  0.0000000000000000  0.0000000000000000  0.0000000000000000
  0.0000000000000000  0.0000000000000000  0.0000000000000000  0.0000000000000000  0.0000000000000000  0.0000000000000000  0.0000000000000000  0.0000000000000000  0.0000453999297625  0.0000000000000000  0.0000000000000000  0.0000000000000000
  0.0000000000000000  0.0000000000000000  0.0000000000000000  0.0000000000000000  0.0000000000000000  0.0000000000000000  0.0000000000000000  0.0000000000000000  0.0000000000000000  0.0000453999297625  0.0000000000000000  0.0000000000000000
  0.0000000000000000  0.0000000000000000  0.0000000000000000  0.0000000000000000  0.0000000000000000  0.0000000000000000  0.0000000000000000  0.0000000000000000  0.0000000000000000  0.0000000000000000  0.0000453999297625  0.0000000000000000
  0.0000000000000000  0.0000000000000000  0.0000000000000000  0.0000000000000000  0.0000000000000000  0.0000000000000000  0.0000000000000000  0.0000000000000000  0.0000000000000000  0.0000000000000000  0.0000000000000000  0.0000453999297625



  0.5464500831539212  0.4911477238923699 -0.0943622394951344 -0.1829874783021215  0.7451935615416365 -0.0209480699102114 -0.3865608731511415 -0.5256719142843431 -0.1967536615256963 -0.3041351019943655 -0.1243117054602089  0.0482500462501296
  0.4911477238923699  0.4415242059380909 -0.0848195439496721 -0.1644822686980810  0.6698334295044571 -0.0188296277968249 -0.3474686427592835 -0.4725116286494675 -0.1768563084911995 -0.2733784505829254 -0.1117402743656429  0.0433706046562528
 -0.0943622394951344 -0.0848195439496721  0.0163414775069534  0.0316013371749660 -0.1286923906066021  0.0036176613256028  0.0667577460865356  0.0907817290376320  0.0339786644980112  0.0525230709283092  0.0214682350397734 -0.0083326061033468
 -0.1829874783021215 -0.1644822686980810  0.0316013371749660  0.0613267604378238 -0.2495606108102578  0.0070153766163699  0.1294567914182818  0.1760441892630578  0.0658915455052688  0.1018529094492000  0.0416312172837425 -0.0161586290734843
  0.7451935615416365  0.6698334295044571 -0.1286923906066021 -0.2495606108102578  1.0163497336877616 -0.0285692403120934 -0.5271965715303712 -0.7169179638292924 -0.2683351226800336 -0.4147832802508032 -0.1695378536170614  0.0658040238347117
 -0.0209480699102114 -0.0188296277968249  0.0036176613256028  0.0070153766163699 -0.0285692403120934  0.0008485073165998  0.0148199757025979  0.0201532162895823  0.0075431440671436  0.0116599350691180  0.0047658641434207 -0.0018498107099951
 -0.3865608731511415 -0.3474686427592835  0.0667577460865356  0.1294567914182818 -0.5271965715303712  0.0148199757025979  0.2735227588330530  0.3718932216225826  0.1391958611763888  0.2151642143988546  0.0879458759566247 -0.0341351057428664
 -0.5256719142843431 -0.4725116286494675  0.0907817290376320  0.1760441892630578 -0.7169179638292924  0.0201532162895823  0.3718932216225826  0.5057712549387507  0.1892880664976050  0.2925950316651941  0.1195948045138500 -0.0464192585906785
 -0.1967536615256963 -0.1768563084911995  0.0339786644980112  0.0658915455052688 -0.2683351226800336  0.0075431440671436  0.1391958611763888  0.1892880664976050  0.0708940124989613  0.1095153629333064  0.0447631117148831 -0.0173742626952879
 -0.3041351019943655 -0.2733784505829254  0.0525230709283092  0.1018529094492000 -0.4147832802508032  0.0116599350691180  0.2151642143988546  0.2925950316651941  0.1095153629333064  0.1693305060378855  0.0691932981811014 -0.0268565394436696
 -0.1243117054602089 -0.1117402743656429  0.0214682350397734  0.0416312172837425 -0.1695378536170614  0.0047658641434207  0.0879458759566247  0.1195948045138500  0.0447631117148831  0.0691932981811014  0.0283273839526724 -0.0109772866358802
  0.0482500462501296  0.0433706046562528 -0.0083326061033468 -0.0161586290734843  0.0658040238347117 -0.0018498107099951 -0.0341351057428664 -0.0464192585906785 -0.0173742626952879 -0.0268565394436696 -0.0109772866358802  0.0043061057300277



  0.0000453999297625  0.0000000000000000  0.0000000000000000  0.0000000000000000  0.0000000000000000  0.0000000000000000  0.0000000000000000  0.0000000000000000  0.0000000000000000  0.0000000000000000  0.0000000000000000  0.0000000000000000
  0.0000000000000000  0.0000453999297625  0.0000000000000000  0.0000000000000000  0.0000000000000000  0.0000000000000000  0.0000000000000000  0.0000000000000000  0.0000000000000000  0.0000000000000000  0.0000000000000000  0.0000000000000000
  0.0000000000000000  0.0000000000000000  0.0000453999297625  0.0000000000000000  0.0000000000000000  0.0000000000000000  0.0000000000000000  0.0000000000000000  0.0000000000000000  0.0000000000000000  0.0000000000000000  0.0000000000000000
  0.0000000000000000  0.0000000000000000  0.0000000000000000  0.0000453999297625  0.0000000000000000  0.0000000000000000  0.0000000000000000  0.0000000000000000  0.0000000000000000  0.0000000000000000  0.0000000000000000  0.0000000000000000
  0.0000000000000000  0.0000000000000000  0.0000000000000000  0.0000000000000000  0.0000453999297625  0.0000000000000000  0.0000000000000000  0.0000000000000000  0.0000000000000000  0.0000000000000000  0.0000000000000000  0.0000000000000000
  0.0000000000000000  0.0000000000000000  0.0000000000000000  0.0000000000000000  0.0000000000000000  0.0000453999297625  0.0000000000000000  0.0000000000000000  0.0000000000000000  0.0000000000000000  0.0000000000000000  0.0000000000000000
  0.0000000000000000  0.0000000000000000  0.0000000000000000  0.0000000000000000  0.0000000000000000  0.0000000000000000  0.0000453999297625  0.0000000000000000  0.0000000000000000  0.0000000000000000  0.0000000000000000  0.0000000000000000
  0.0000000000000000  0.0000000000000000  0.0000000000000000  0.0000000000000000  0.0000000000000000  0.0000000000000000  0.0000000000000000  0.0000453999297625  0.0000000000000000  0.0000000000000000  0.0000000000000000  0.0000000000000000
  0.0000000000000000  0.0000000000000000  0.0000000000000000  0.0000000000000000  0.0000000000000000  0.0000000000000000  0.0000000000000000  0.0000000000000000  0.0000453999297625  0.0000000000000000  0.0000000000000000  0.0000000000000000
  0.0000000000000000  0.0000000000000000  0.0000000000000000  0.0000000000000000  0.0000000000000000  0.0000000000000000  0.0000000000000000  0.0000000000000000  0.0000000000000000  0.0000453999297625  0.0000000000000000  0.0000000000000000
  0.0000000000000000  0.0000000000000000  0.0000000000000000  0.0000000000000000  0.0000000000000000  0.0000000000000000  0.0000000000000000  0.0000000000000000  0.0000000000000000  0.0000000000000000  0.0000453999297625  0.0000000000000000
  0.0000000000000000  0.0000000000000000  0.0000000000000000  0.0000000000000000  0.0000000000000000  0.0000000000000000  0.0000000000000000  0.0000000000000000  0.0000000000000000  0.0000000000000000  0.0000000000000000  0.0000453999297625



  0.0000454884349314 -0.0000004517673884 -0.0000021293118585 -0.0000001576056718 -0.0000004154158226 -0.0000004628656122 -0.0000002557185975 -0.0000005752025151  0.0000005977296955  0.0000000740097417  0.0000007428591366 -0.0000008862699118
 -0.0000004517673884  0.0000477059394085  0.0000108688980451  0.0000008044852479  0.0000021204560546  0.0000023626596205  0.0000013052946441  0.0000029360741438 -0.0000030510622915 -0.0000003777766671 -0.0000037918636416  0.0000045238922015
 -0.0000021293118585  0.0000108688980451  0.0000966282257585  0.0000037917743119  0.0000099943296885  0.0000111359059471  0.0000061522354990  0.0000138385763377 -0.0000143805491156 -0.0000017805719443 -0.0000178721625875  0.0000213224273329
 -0.0000001576056718  0.0000008044852479  0.0000037917743119  0.0000456805862269  0.0000007397521592  0.0000008242484215  0.0000004553711591  0.0000010242924784 -0.0000010644077783 -0.0000001317929247 -0.0000013228471820  0.0000015782260693
 -0.0000004154158226  0.0000021204560546  0.0000099943296885  0.0000007397521592  0.0000473497628377  0.0000021725476761  0.0000012002638133  0.0000026998222691 -0.0000028055578693 -0.0000003473787816 -0.0000034867504701  0.0000041598761852
 -0.0000004628656122  0.0000023626596205  0.0000111359059471  0.0000008242484215  0.0000021725476761  0.0000478206310341  0.0000013373608188  0.0000030082024307 -0.0000031260154043 -0.0000003870572175 -0.0000038850154544  0.0000046350271998
 -0.0000002557185975  0.0000013052946441  0.0000061522354990  0.0000004553711591  0.0000012002638133  0.0000013373608188  0.0000461387792772  0.0000016619366103 -0.0000017270245485 -0.0000002138368593 -0.0000021463480480  0.0000025607057938
 -0.0000005752025151  0.0000029360741438  0.0000138385763377  0.0000010242924784  0.0000026998222691  0.0000030082024307  0.0000016619366103  0.0000491382191459 -0.0000038846954177 -0.0000004809955181 -0.0000048279038269  0.0000057599424813
  0.0000005977296955 -0.0000030510622915 -0.0000143805491156 -0.0000010644077783 -0.0000028055578693 -0.0000031260154043 -0.0000017270245485 -0.0000038846954177  0.0000494367650475  0.0000004998331840  0.0000050169834248 -0.0000059855243584
  0.0000000740097417 -0.0000003777766671 -0.0000017805719443 -0.0000001317929247 -0.0000003473787816 -0.0000003870572175 -0.0000002138368593 -0.0000004809955181  0.0000004998331840  0.0000454618181464  0.0000006211932423 -0.0000007411161186
  0.0000007428591366 -0.0000037918636416 -0.0000178721625875 -0.0000013228471820 -0.0000034867504701 -0.0000038850154544 -0.0000021463480480 -0.0000048279038269  0.0000050169834248  0.0000006211932423  0.0000516350423959 -0.0000074388163932
 -0.0000008862699118  0.0000045238922015  0.0000213224273329  0.0000015782260693  0.0000041598761852  0.0000046350271998  0.0000025607057938  0.0000057599424813 -0.0000059855243584 -0.0000007411161186 -0.0000074388163932  0.0000542748278735



  0.0000453999297625  0.0000000000000000  0.0000000000000000  0.0000000000000000  0.0000000000000000  0.0000000000000000  0.0000000000000000  0.0000000000000000  0.0000000000000000  0.0000000000000000  0.0000000000000000  0.0000000000000000
  0.0000000000000000  0.0000453999297625  0.0000000000000000  0.0000000000000000  0.0000000000000000  0.0000000000000000  0.0000000000000000  0.0000000000000000  0.0000000000000000  0.0000000000000000  0.0000000000000000  0.0000000000000000
  0.0000000000000000  0.0000000000000000  0.0000453999297625  0.0000000000000000  0.0000000000000000  0.0000000000000000  0.0000000000000000  0.0000000000000000  0.0000000000000000  0.0000000000000000  0.0000000000000000  0.0000000000000000
  0.0000000000000000  0.0000000000000000  0.0000000000000000  0.0000453999297625  0.0000000000000000  0.0000000000000000  0.0000000000000000  0.0000000000000000  0.0000000000000000  0.0000000000000000  0.0000000000000000  0.0000000000000000
  0.0000000000000000  0.0000000000000000  0.0000000000000000  0.0000000000000000  0.0000453999297625  0.0000000000000000  0.0000000000000000  0.0000000000000000  0.0000000000000000  0.0000000000000000  0.0000000000000000  0.0000000000000000
  0.0000000000000000  0.0000000000000000  0.0000000000000000  0.0000000000000000  0.0000000000000000  0.0000453999297625  0.0000000000000000  0.0000000000000000  0.0000000000000000  0.0000000000000000  0.0000000000000000  0.0000000000000000
  0.0000000000000000  0.0000000000000000  0.0000000000000000  0.0000000000000000  0.0000000000000000  0.0000000000000000  0.0000453999297625  0.0000000000000000  0.0000000000000000  0.0000000000000000  0.0000000000000000  0.0000000000000000
  0.0000000000000000  0.0000000000000000  0.0000000000000000  0.0000000000000000  0.0000000000000000  0.0000000000000000  0.0000000000000000  0.0000453999297625  0.0000000000000000  0.0000000000000000  0.0000000000000000  0.0000000000000000
  0.0000000000000000  0.0000000000000000  0.0000000000000000  0.0000000000000000  0.0000000000000000  0.0000000000000000  0.0000000000000000  0.0000000000000000  0.0000453999297625  0.0000000000000000  0.0000000000000000  0.0000000000000000
  0.0000000000000000  0.0000000000000000  0.0000000000000000  0.0000000000000000  0.0000000000000000  0.0000000000000000  0.0000000000000000  0.0000000000000000  0.0000000000000000  0.0000453999297625  0.0000000000000000  0.0000000000000000
  0.0000000000000000  0.0000000000000000  0.0000000000000000  0.0000000000000000  0.0000000000000000  0.0000000000000000  0.0000000000000000  0.0000000000000000  0.0000000000000000  0.0000000000000000  0.0000453999297625  0.0000000000000000
  0.0000000000000000  0.0000000000000000  0.0000000000000000  0.0000000000000000  0.0000000000000000  0.0000000000000000  0.0000000000000000  0.0000000000000000  0.0000000000000000  0.0000000000000000  0.0000000000000000  0.0000453999297625



  0.5753857803102492 -1.1377246414457010 -0.7788754365405804 -0.4738166315775929 -0.4937687024784936 -0.5179884361713059 -0.4398121842783539  0.5132671212724332 -1.1034316112724276 -0.9081669272311705  0.0347691463304878  0.4824082719169390
 -1.1377246414457010  2.2498742052347810  1.5402113357971760  0.9369633663092400  0.9764182037160667  1.0243122645673934  0.8697202164081090 -1.0149759568248302  2.1820149954089327  1.7958827990810184 -0.0687553209870029 -0.9539531705292419
 -0.7788754365405804  1.5402113357971760  1.0544593910016984  0.6414361755697661  0.6684465856824204  0.7012344048584401  0.5954021622533416 -0.6948428531493283  1.4937866413935448  1.2294442295955292 -0.0470692430963442 -0.6530672350210642
 -0.4738166315775929  0.9369633663092400  0.6414361755697661  0.3902530300947650  0.4066389798575750  0.4265849307219294  0.3622035511802739 -0.4226967389514143  0.9087216460065317  0.7479130821957230 -0.0286338228784464 -0.3972831995399325
 -0.4937687024784936  0.9764182037160667  0.6684465856824204  0.4066389798575750  0.4238076465964817  0.4445481089829956  0.3774556755835073 -0.4404961835953541  0.9469872378922701  0.7794071501134359 -0.0298395786918660 -0.4140124978990698
 -0.5179884361713059  1.0243122645673934  0.7012344048584401  0.4265849307219294  0.4445481089829956  0.4663989345853958  0.3959701654362658 -0.4621028572726443  0.9934376842380008  0.8176376673603208 -0.0313032356171516 -0.4343201261532154
 -0.4398121842783539  0.8697202164081090  0.5954021622533416  0.3622035511802739  0.3774556755835073  0.3959701654362658  0.3362546497715615 -0.3923610131616162  0.8435053151009179  0.6942375229604384 -0.0265788629474888 -0.3687713290817152
  0.5132671212724332 -1.0149759568248302 -0.6948428531493283 -0.4226967389514143 -0.4404961835953541 -0.4621028572726443 -0.3923610131616162  0.4579363276738591 -0.9843827958923892 -0.8101851394234034  0.0310179099096139  0.4303614288746090
 -1.1034316112724276  2.1820149954089327  1.4937866413935448  0.9087216460065317  0.9469872378922701  0.9934376842380008  0.8435053151009179 -0.9843827958923892  2.1162906237819490  1.7417517245041314 -0.0666829050427070 -0.9251993452414617
