
  0.0000455264093379 -0.0000003661837893 -0.0000002997881993  0.0000000605110454  0.0000007151517510 -0.0000008667770120 -0.0000001459471812  0.0000008390570857  0.0000002499612307 -0.0000006716721458 -0.0000000670572748 -0.0000004827886315
 -0.0000003661837893  0.0000464601054240  0.0000008679470849 -0.0000001751916371 -0.0000020705080421  0.0000025094936447  0.0000004225464202 -0.0000024292388871 -0.0000007236879973  0.0000019446258469  0.0000001941442870  0.0000013977701135
 -0.0000002997881993  0.0000008679470849  0.0000461105027076 -0.0000001434262984 -0.0000016950883562  0.0000020544781139  0.0000003459312895 -0.0000019887749616 -0.0000005924705786  0.0000015920308269  0.0000001589424980  0.0000011443296987
  0.0000000605110454 -0.0000001751916371 -0.0000001434262984  0.0000454288797854  0.0000003421467845 -0.0000004146881653 -0.0000000698248430  0.0000004014262476  0.0000001195878095 -0.0000003213450357 -0.0000000320819056 -0.0000002309783590
  0.0000007151517510 -0.0000020705080421 -0.0000016950883562  0.0000003421467845  0.0000494436026255 -0.0000049010055235 -0.0000008252271704  0.0000047442691193  0.0000014133524027 -0.0000037978267198 -0.0000003791610411 -0.0000027298252224
 -0.0000008667770120  0.0000025094936447  0.0000020544781139 -0.0000004146881653 -0.0000049010055235  0.0000513400381627  0.0000010001904351 -0.0000057501410095 -0.0000017130089814  0.0000046030354981  0.0000004595501218  0.0000033085981350
 -0.0000001459471812  0.0000004225464202  0.0000003459312895 -0.0000000698248430 -0.0000008252271704  0.0000010001904351  0.0000455683409831 -0.0000009682038863 -0.0000002884350054  0.0000007750552292  0.0000000773786614  0.0000005570989594
  0.0000008390570857 -0.0000024292388871 -0.0000019887749616  0.0000004014262476  0.0000047442691193 -0.0000057501410095 -0.0000009682038863  0.0000509661786255  0.0000016582261686 -0.0000044558283119 -0.0000004448534982 -0.0000032027876493
  0.0000002499612307 -0.0000007236879973 -0.0000005924705786  0.0000001195878095  0.0000014133524027 -0.0000017130089814 -0.0000002884350054  0.0000016582261686  0.0000458939274428 -0.0000013274237806 -0.0000001325251044 -0.0000009541338203
 -0.0000006716721458  0.0000019446258469  0.0000015920308269 -0.0000003213450357 -0.0000037978267198  0.0000046030354981  0.0000007750552292 -0.0000044558283119 -0.0000013274237806  0.0000489668572273  0.0000003561089094  0.0000025638580373
 -0.0000000670572748  0.0000001941442870  0.0000001589424980 -0.0000000320819056 -0.0000003791610411  0.0000004595501218  0.0000000773786614 -0.0000004448534982 -0.0000001325251044  0.0000003561089094  0.0000454354823653  0.0000002559661497
 -0.0000004827886315  0.0000013977701135  0.0000011443296987 -0.0000002309783590 -0.0000027298252224  0.0000033085981350  0.0000005570989594 -0.0000032027876493 -0.0000009541338203  0.0000025638580373  0.0000002559661497  0.0000472427953941



  1.0505937700086698 -0.4319573368647032 -1.3005152369210990 -0.2477363312386427 -0.7807401922597303  0.1836664637530107 -0.5861517059060454 -0.4367190796641968 -0.2604195936425415  0.5279646936945737 -0.2636240234991586 -0.8600298461886506
 -0.4319573368647032  0.1776546815208765  0.5347370135220244  0.1018625409006710  0.3210194442309796 -0.0755187273558005  0.2410098748206345  0.1795671822954630  0.1070775582538806 -0.2170849335176275  0.1083951346397196  0.3536212251833795
 -1.3005152369210990  0.5347370135220244  1.6100044745199085  0.3066825691845382  0.9665090587750191 -0.2273679555336937  0.7256203002282998  0.5406317628775159  0.3223836798479996 -0.6535883051560322  0.3263505693426071  1.0646648466795450
 -0.2477363312386427  0.1018625409006710  0.3066825691845382  0.0584656421637079  0.1841111899724462 -0.0433115281097680  0.1382240729054255  0.1029854366843869  0.0614111607925696 -0.1245026311918238  0.0621668180100643  0.2028089754538877
 -0.7807401922597303  0.3210194442309796  0.9665090587750191  0.1841111899724462  0.5802711805173544 -0.1364961336393501  0.4356126834062337  0.3245582477451565  0.1935370605229803 -0.3923696120794172  0.1959185087885944  0.6391517866094676
  0.1836664637530107 -0.0755187273558005 -0.2273679555336937 -0.0433115281097680 -0.1364961336393501  0.0321556499613452 -0.1024763944197499 -0.0763512192248862 -0.0455289323005079  0.0923036111389405 -0.0460891589548817 -0.1503582751941358
 -0.5861517059060454  0.2410098748206345  0.7256203002282998  0.1382240729054255  0.4356126834062337 -0.1024763944197499  0.3270877676037107  0.2436666802361389  0.1453006771533582 -0.2945770178414995  0.1470885856030352  0.4798522134559836
 -0.4367190796641968  0.1795671822954630  0.5406317628775159  0.1029854366843869  0.3245582477451565 -0.0763512192248862  0.2436666802361389  0.1815920664010630  0.1082579427355821 -0.2194779999639982  0.1095900430203189  0.3575194189697133
 -0.2604195936425415  0.1070775582538806  0.3223836798479996  0.0614111607925696  0.1935370605229803 -0.0455289323005079  0.1453006771533582  0.1082579427355821  0.0646006043781808 -0.1308767448662902  0.0653495482657222  0.2131921093321033
  0.5279646936945737 -0.2170849335176275 -0.6535883051560322 -0.1245026311918238 -0.3923696120794172  0.0923036111389405 -0.2945770178414995 -0.2194779999639982 -0.1308767448662902  0.2653798916381803 -0.1324871665536171 -0.4322175039501714
 -0.2636240234991586  0.1083951346397196  0.3263505693426071  0.0621668180100643  0.1959185087885944 -0.0460891589548817  0.1470885856030352  0.1095900430203189  0.0653495482657222 -0.1324871665536171  0.0661990675559821  0.2158154106146609
 -0.8600298461886506  0.3536212251833795  1.0646648466795450  0.2028089754538877  0.6391517866094676 -0.1503582751941358  0.4798522134559836  0.3575194189697133  0.2131921093321033 -0.4322175039501714  0.2158154106146609  0.7041075426570844



  0.0000457219733175 -0.0000003020487133 -0.0000004078585701 -0.0000013896821195  0.0000000104680115 -0.0000011197518314 -0.0000003747108230  0.0000005261810159  0.0000000361594063  0.0000000611208163 -0.0000006183923322 -0.0000002846022152
 -0.0000003020487133  0.0000456832250614  0.0000003825356986  0.0000013034003926 -0.0000000098180801  0.0000010502293698  0.0000003514460084 -0.0000004935118132 -0.0000000339143634 -0.0000000573259847  0.0000005799979702  0.0000002669320083
 -0.0000004078585701  0.0000003825356986  0.0000459164704931  0.0000017599910114 -0.0000000132574248  0.0000014181323416  0.0000004745600962 -0.0000006663925838 -0.0000000457948111 -0.0000000774076933  0.0000007831754693  0.0000003604402284
 -0.0000013896821195  0.0000013034003926  0.0000017599910114  0.0000513966850555 -0.0000000451715559  0.0000048319523059  0.0000016169518767 -0.0000022705759451 -0.0000001560350445 -0.0000002637485030  0.0000026684861517  0.0000012281152765
  0.0000000104680115 -0.0000000098180801 -0.0000000132574248 -0.0000000451715559  0.0000454002700247 -0.0000000363974838 -0.0000000121799588  0.0000000171034907  0.0000000011753599  0.0000000019867294 -0.0000000201008155 -0.0000000092509824
 -0.0000011197518314  0.0000010502293698  0.0000014181323416  0.0000048319523059 -0.0000000363974838  0.0000492933291003  0.0000013028769672 -0.0000018295418335 -0.0000001257269733 -0.0000002125182912  0.0000021501624102  0.0000009895675499
 -0.0000003747108230  0.0000003514460084  0.0000004745600962  0.0000016169518767 -0.0000000121799588  0.0000013028769672  0.0000458359211018 -0.0000006122330921 -0.0000000420729454 -0.0000000711165649  0.0000007195247230  0.0000003311462957
  0.0000005261810159 -0.0000004935118132 -0.0000006663925838 -0.0000022705759451  0.0000000171034907 -0.0000018295418335 -0.0000006122330921  0.0000462596472048  0.0000000590801861  0.0000000998641728 -0.0000010103798087 -0.0000004650063023
  0.0000000361594063 -0.0000000339143634 -0.0000000457948111 -0.0000001560350445  0.0000000011753599 -0.0000001257269733 -0.0000000420729454  0.0000000590801861  0.0000454039897806  0.0000000068627128 -0.0000000694337746 -0.0000000319554513
  0.0000000611208163 -0.0000000573259847 -0.0000000774076933 -0.0000002637485030  0.0000000019867294 -0.0000002125182912 -0.0000000711165649  0.0000000998641728  0.0000000068627128  0.0000454115299145 -0.0000001173650072 -0.0000000540148047
 -0.0000006183923322  0.0000005799979702  0.0000007831754693  0.0000026684861517 -0.0000000201008155  0.0000021501624102  0.0000007195247230 -0.0000010103798087 -0.0000000694337746 -0.0000001173650072  0.0000465873749714  0.0000005464969718
 -0.0000002846022152  0.0000002669320083  0.0000003604402284  0.0000012281152765 -0.0000000092509824  0.0000009895675499  0.0000003311462957 -0.0000004650063023 -0.0000000319554513 -0.0000000540148047  0.0000005464969718  0.0000456514436327



  0.0000453999297625  0.0000000000000000  0.0000000000000000  0.0000000000000000  0.0000000000000000  0.0000000000000000  0.0000000000000000  0.0000000000000000  0.0000000000000000  0.0000000000000000  0.0000000000000000  0.0000000000000000
  0.0000000000000000  0.0000453999297625  0.0000000000000000  0.0000000000000000  0.0000000000000000  0.0000000000000000  0.0000000000000000  0.0000000000000000  0.0000000000000000  0.0000000000000000  0.0000000000000000  0.0000000000000000
  0.0000000000000000  0.0000000000000000  0.0000453999297625  0.0000000000000000  0.0000000000000000  0.0000000000000000  0.0000000000000000  0.0000000000000000  0.0000000000000000  0.0000000000000000  0.0000000000000000  0.0000000000000000
  0.0000000000000000  0.0000000000000000  0.0000000000000000  0.0000453999297625  0.0000000000000000  0.0000000000000000  0.0000000000000000  0.0000000000000000  0.0000000000000000  0.0000000000000000  0.0000000000000000  0.0000000000000000
  0.0000000000000000  0.0000000000000000  0.0000000000000000  0.0000000000000000  0.0000453999297625  0.0000000000000000  0.0000000000000000  0.0000000000000000  0.0000000000000000  0.0000000000000000  0.0000000000000000  0.0000000000000000
  0.0000000000000000  0.0000000000000000  0.0000000000000000  0.0000000000000000  0.0000000000000000  0.0000453999297625  0.0000000000000000  0.0000000000000000  0.0000000000000000  0.0000000000000000  0.0000000000000000  0.0000000000000000
  0.0000000000000000  0.0000000000000000  0.0000000000000000  0.0000000000000000  0.0000000000000000  0.0000000000000000  0.0000453999297625  0.0000000000000000  0.0000000000000000  0.0000000000000000  0.0000000000000000  0.0000000000000000
  0.0000000000000000  0.0000000000000000  0.0000000000000000  0.0000000000000000  0.0000000000000000  0.0000000000000000  0.0000000000000000  0.0000453999297625  0.0000000000000000  0.0000000000000000  0.0000000000000000  0.0000000000000000
  0.0000000000000000  0.0000000000000000  0.0000000000000000  0.0000000000000000  0.0000000000000000  0.0000000000000000  0.0000000000000000  0.0000000000000000  0.0000453999297625  0.0000000000000000  0.0000000000000000  0.0000000000000000
  0.0000000000000000  0.0000000000000000  0.0000000000000000  0.0000000000000000  0.0000000000000000  0.0000000000000000  0.0000000000000000  0.0000000000000000  0.0000000000000000  0.0000453999297625  0.0000000000000000  0.0000000000000000
  0.0000000000000000  0.0000000000000000  0.0000000000000000  0.0000000000000000  0.0000000000000000  0.0000000000000000  0.0000000000000000  0.0000000000000000  0.0000000000000000  0.0000000000000000  0.0000453999297625  0.0000000000000000
  0.0000000000000000  0.0000000000000000  0.0000000000000000  0.0000000000000000  0.0000000000000000  0.0000000000000000  0.0000000000000000  0.0000000000000000  0.0000000000000000  0.0000000000000000  0.0000000000000000  0.0000453999297625



  0.0000457464286803 -0.0000003252534243 -0.0000005522940618 -0.0000009323722145  0.0000026993290294 -0.0000001593063613  0.0000004288759622 -0.0000006308660235  0.0000005699856279  0.0000004830740183 -0.0000004650618738  0.0000002349457048
 -0.0000003252534243  0.0000457052403554  0.0000005184302911  0.0000008752040481 -0.0000025338203529  0.0000001495385321 -0.0000004025795411  0.0000005921846329 -0.0000005350371034 -0.0000004534544571  0.0000004365467226 -0.0000002205400683
 -0.0000005522940618  0.0000005184302911  0.0000462802463088  0.0000014861334652 -0.0000043025340542  0.0000002539227479 -0.0000006835970763  0.0000010055545361 -0.0000009085156155 -0.0000007699848340  0.0000007412747862 -0.0000003744863574
 -0.0000009323722145  0.0000008752040481  0.0000014861334652  0.0000479087917002 -0.0000072634552531  0.0000004286675000 -0.0000011540354387  0.0000016975578311 -0.0000015337385914 -0.0000012998735900  0.0000012514058395 -0.0000006322006672
  0.0000026993290294 -0.0000025338203529 -0.0000043025340542 -0.0000072634552531  0.0000664285010920 -0.0000012410436613  0.0000033410705639 -0.0000049146328701  0.0000044403565860  0.0000037632894476 -0.0000036229695152  0.0000018302965134
 -0.0000001593063613  0.0000001495385321  0.0000002539227479  0.0000004286675000 -0.0000012410436613  0.0000454731724638 -0.0000001971800357  0.0000002900469973 -0.0000002620566233 -0.0000002220981369  0.0000002138168724 -0.0000001080186500
  0.0000004288759622 -0.0000004025795411 -0.0000006835970763 -0.0000011540354387  0.0000033410705639 -0.0000001971800357  0.0000459307671807 -0.0000007808488250  0.0000007054946554  0.0000005979205815 -0.0000005756262093  0.0000002908019622
 -0.0000006308660235  0.0000005921846329  0.0000010055545361  0.0000016975578311 -0.0000049146328701  0.0000002900469973 -0.0000007808488250  0.0000465485392362 -0.0000010377653380 -0.0000008795265132  0.0000008467320384 -0.0000004277625553
  0.0000005699856279 -0.0000005350371034 -0.0000009085156155 -0.0000015337385914  0.0000044403565860 -0.0000002620566233  0.0000007054946554 -0.0000010377653380  0.0000463375477443  0.0000007946496613 -0.0000007650199481  0.0000003864822317
  0.0000004830740183 -0.0000004534544571 -0.0000007699848340 -0.0000012998735900  0.0000037632894476 -0.0000002220981369  0.0000005979205815 -0.0000008795265132  0.0000007946496613  0.0000460734109631 -0.0000006483694366  0.0000003275512847
 -0.0000004650618738  0.0000004365467226  0.0000007412747862  0.0000012514058395 -0.0000036229695152  0.0000002138168724 -0.0000005756262093  0.0000008467320384 -0.0000007650199481 -0.0000006483694366  0.0000460241237651 -0.0000003153380402
  0.0000002349457048 -0.0000002205400683 -0.0000003744863574 -0.0000006322006672  0.0000018302965134 -0.0000001080186500  0.0000002908019622 -0.0000004277625553  0.0000003864822317  0.0000003275512847 -0.0000003153380402  0.0000455592361307



  0.1286098488939153  0.1852470134927047 -0.1135099570831817  0.1913634671319632  0.1422513474609396 -0.1006175366521320 -0.1420158839029615 -0.3237973076221032  0.0762238865220327 -0.1791752790595112 -0.0342123795641714 -0.3086647586688660
  0.1852470134927047  0.2669656597153163 -0.1635551725982607  0.2757333862095260  0.2049683073262782 -0.1449786331303601 -0.2046290301851200 -0.4665557618709236  0.1098301080504533 -0.2581715686437270 -0.0492962179216216 -0.4447514495372438
 -0.1135099570831817 -0.1635551725982607  0.1002636992626303 -0.1689554086136541 -0.1255941641909795  0.0888355395734163  0.1253862723057945  0.2858816645632815 -0.0672983094954980  0.1581944192291570  0.0302062174262491  0.2725210900473635
  0.1913634671319632  0.2757333862095260 -0.1689554086136541  0.2848829028982456  0.2117359147580740 -0.1497655125973974 -0.2113854355518404 -0.4819604182935546  0.1134564594669597 -0.2666958322741589 -0.0509238719637430 -0.4594361747493552
  0.1422513474609396  0.2049683073262782 -0.1255941641909795  0.2117359147580740  0.1574407483365546 -0.1113292213649653 -0.1571348166879296 -0.3582685890325746  0.0843386381528364 -0.1982501796946838 -0.0378546094695673 -0.3415250389378586
 -0.1006175366521320 -0.1449786331303601  0.0888355395734163 -0.1497655125973974 -0.1113292213649653  0.0787910316942823  0.1111449424634357  0.2534113244106572 -0.0596545916784845  0.1402267520395223  0.0267754065776691  0.2415682379763298
 -0.1420158839029615 -0.2046290301851200  0.1253862723057945 -0.2113854355518404 -0.1571348166879296  0.1111449424634357  0.1569201163852180  0.3576755589628836 -0.0841990354841772  0.1979220227691825  0.0377919502785688  0.3409597234560274
 -0.3237973076221032 -0.4665557618709236  0.2858816645632815 -0.4819604182935546 -0.3582685890325746  0.2534113244106572  0.3576755589628836  0.8155484236767807 -0.1919744486359753  0.4512637332583135  0.0861659376780042  0.7773907894239054
  0.0762238865220327  0.1098301080504533 -0.0672983094954980  0.1134564594669597  0.0843386381528364 -0.0596545916784845 -0.0841990354841772 -0.1919744486359753  0.0452373711558336 -0.1062302699768482 -0.0202839942485246 -0.1830025927597696
 -0.1791752790595112 -0.2581715686437270  0.1581944192291570 -0.2666958322741589 -0.1982501796946838  0.1402267520395223  0.1979220227691825  0.4512637332583135 -0.1062302699768482  0.2497550282504289  0.0476804641820090  0.4301740884143920
 -0.0342123795641714 -0.0492962179216216  0.0302062174262491 -0.0509238719637430 -0.0378546094695673  0.0267754065776691  0.0377919502785688  0.0861659376780042 -0.0202839942485246  0.0476804641820090  0.0091496814323378  0.0821390036798668
 -0.3086647586688660 -0.4447514495372438  0.2725210900473635 -0.4594361747493552 -0.3415250389378586  0.2415682379763298  0.3409597234560274  0.7773907894239054 -0.1830025927597696  0.4301740884143920  0.0821390036798668  0.7411051171748961



  0.0000487676594242 -0.0000002598870118  0.0000054813634452  0.0000018596048366  0.0000011799586603  0.0000051686687525  0.0000016104007872  0.0000037494784050  0.0000032773235730  0.0000019236944250 -0.0000025973650663  0.0000045011821123
 -0.0000002598870118  0.0000454199851902 -0.0000004229957002 -0.0000001435053263 -0.0000000910571694 -0.0000003988651144 -0.0000001242743006 -0.0000002893464845 -0.0000002529103923 -0.0000001484511068  0.0000002004381329 -0.0000003473553064
  0.0000054813634452 -0.0000004229957002  0.0000543214728304  0.0000030267185901  0.0000019205170596  0.0000084125968548  0.0000026211106276  0.0000061027029875  0.0000053342172429  0.0000031310316919 -0.0000042275073591  0.0000073261863536
  0.0000018596048366 -0.0000001435053263  0.0000030267185901  0.0000464267729166  0.0000006515537327  0.0000028540537324  0.0000008892367837  0.0000020704002034  0.0000018096840838  0.0000010622323690 -0.0000014342221986  0.0000024854786064
  0.0000011799586603 -0.0000000910571694  0.0000019205170596  0.0000006515537327  0.0000458133544075  0.0000018109575499  0.0000005642395757  0.0000013137127858  0.0000011482828852  0.0000006740089391 -0.0000009100443658  0.0000015770888250
  0.0000051686687525 -0.0000003988651144  0.0000084125968548  0.0000028540537324  0.0000018109575499  0.0000533326141986  0.0000024715844394  0.0000057545628113  0.0000050299167822  0.0000029524160970 -0.0000039863412463  0.0000069082502664
  0.0000016104007872 -0.0000001242743006  0.0000026211106276  0.0000008892367837  0.0000005642395757  0.0000024715844394  0.0000461700006874  0.0000017929476477  0.0000015671698717  0.0000009198835202 -0.0000012420233118  0.0000021524017499
  0.0000037494784050 -0.0000002893464845  0.0000061027029875  0.0000020704002034  0.0000013137127858  0.0000057545628113  0.0000017929476477  0.0000495744300110  0.0000036488243409  0.0000021417546623 -0.0000028917891887  0.0000050114132731
  0.0000032773235730 -0.0000002529103923  0.0000053342172429  0.0000018096840838  0.0000011482828852  0.0000050299167822  0.0000015671698717  0.0000036488243409  0.0000485892741817  0.0000018720531989 -0.0000025276392747  0.0000043803486991
  0.0000019236944250 -0.0000001484511068  0.0000031310316919  0.0000010622323690  0.0000006740089391  0.0000029524160970  0.0000009198835202  0.0000021417546623  0.0000018720531989  0.0000464987710034 -0.0000014836513615  0.0000025711383647
 -0.0000025973650663  0.0000002004381329 -0.0000042275073591 -0.0000014342221986 -0.0000009100443658 -0.0000039863412463 -0.0000012420233118 -0.0000028917891887 -0.0000025276392747 -0.0000014836513615  0.0000474031503192 -0.0000034715414686
  0.0000045011821123 -0.0000003473553064  0.0000073261863536  0.0000024854786064  0.0000015770888250  0.0000069082502664  0.0000021524017499  0.0000050114132731  0.0000043803486991  0.0000025711383647 -0.0000034715414686  0.0000514160422307



  0.0006582690536032 -0.0042021301607684  0.0216286969782951  0.0420582775840676 -0.0033202240955774 -0.0024496091565949 -0.0107608104901825 -0.0153072976664721  0.0037301957019419 -0.0240230444457762 -0.0208469707807521 -0.0059991165673436
 -0.0042021301607684  0.0291778555280252 -0.1498446267941648 -0.2914444637439270  0.0229031534486999  0.0168637717214387  0.0746126103892521  0.1061380031417880 -0.0259012186099615  0.1664558775337615  0.1444165823638693  0.0416079460794652
  0.0216286969782951 -0.1498446267941648  0.7708130759003027  1.4991061335115021 -0.1178402311042833 -0.0867774261927390 -0.3837714392549105 -0.5459225248594433  0.1332117318116670 -0.8562049781987693 -0.7428508742650572 -0.2140076107155477
  0.0420582775840676 -0.2914444637439270  1.4991061335115021  2.9157470344565930 -0.2291743059095916 -0.1687571449856597 -0.7464288921174402 -1.0618102260317732  0.2591017135658216 -1.6652820623716185 -1.4448069279668196 -0.4162434044548602
 -0.0033202240955774  0.0229031534486999 -0.1178402311042833 -0.2291743059095916  0.0180922102840212  0.0133000896734290  0.0586547851606744  0.0834372161193748 -0.0203484150857968  0.1308953693269193  0.1135758725075670  0.0327048723126630
 -0.0024496091565949  0.0168637717214387 -0.0867774261927390 -0.1687571449856597  0.0133000896734290  0.0098508190488730  0.0431869044070233  0.0614338174153838 -0.0149784432300622  0.0963887940875204  0.0836384372857550  0.0240790328092787
 -0.0107608104901825  0.0746126103892521 -0.3837714392549105 -0.7464288921174402  0.0586547851606744  0.0431869044070233  0.1911398667156080  0.2718359265203188 -0.0663382084046408  0.4263157282773968  0.3698691302719075  0.1065647714388719
 -0.0153072976664721  0.1061380031417880 -0.5459225248594433 -1.0618102260317732  0.0834372161193748  0.0614338174153838  0.2718359265203188  0.3867377679386364 -0.0943676498217002  0.6064427137905756  0.5261461658373437  0.1515906896067345
  0.0037301957019419 -0.0259012186099615  0.1332117318116670  0.2591017135658216 -0.0203484150857968 -0.0149784432300622 -0.0663382084046408 -0.0943676498217002  0.0230788558373546 -0.1479820117987223 -0.1283846759926594 -0.0369951605438511
 -0.0240230444457762  0.1664558775337615 -0.8562049781987693 -1.6652820623716185  0.1308953693269193  0.0963887940875204  0.4263157282773968  0.6064427137905756 -0.1479820117987223  0.9511597991276983  0.8251928110221745  0.2377329841056469
 -0.0208469707807521  0.1444165823638693 -0.7428508742650572 -1.4448069279668196  0.1135758725075670  0.0836384372857550  0.3698691302719075  0.5261461658373437 -0.1283846759926594  0.8251928110221745  0.7159910648432386  0.2062546404513335
 -0.0059991165673436  0.0416079460794652 -0.2140076107155477 -0.4162434044548602  0.0327048723126630  0.0240790328092787  0.1065647714388719  0.1515906896067345 -0.0369951605438511  0.2377329841056469  0.2062546404513335  0.0594721893694203



  0.0000453999297625  0.0000000000000000  0.0000000000000000  0.0000000000000000  0.0000000000000000  0.0000000000000000  0.0000000000000000  0.0000000000000000  0.0000000000000000  0.0000000000000000  0.0000000000000000  0.0000000000000000
  0.0000000000000000  0.0000453999297625  0.0000000000000000  0.0000000000000000  0.0000000000000000  0.0000000000000000  0.0000000000000000  0.0000000000000000  0.0000000000000000  0.0000000000000000  0.0000000000000000  0.0000000000000000
  0.0000000000000000  0.0000000000000000  0.0000453999297625  0.0000000000000000  0.0000000000000000  0.0000000000000000  0.0000000000000000  0.0000000000000000  0.0000000000000000  0.0000000000000000  0.0000000000000000  0.0000000000000000
  0.0000000000000000  0.0000000000000000  0.0000000000000000  0.0000453999297625  0.0000000000000000  0.0000000000000000  0.0000000000000000  0.0000000000000000  0.0000000000000000  0.0000000000000000  0.0000000000000000  0.0000000000000000
  0.0000000000000000  0.0000000000000000  0.0000000000000000  0.0000000000000000  0.0000453999297625  0.0000000000000000  0.0000000000000000  0.0000000000000000  0.0000000000000000  0.0000000000000000  0.0000000000000000  0.0000000000000000
  0.0000000000000000  0.0000000000000000  0.0000000000000000  0.0000000000000000  0.0000000000000000  0.0000453999297625  0.0000000000000000  0.0000000000000000  0.0000000000000000  0.0000000000000000  0.0000000000000000  0.0000000000000000
  0.0000000000000000  0.0000000000000000  0.0000000000000000  0.0000000000000000  0.0000000000000000  0.0000000000000000  0.0000453999297625  0.0000000000000000  0.0000000000000000  0.0000000000000000  0.0000000000000000  0.0000000000000000
  0.0000000000000000  0.0000000000000000  0.0000000000000000  0.0000000000000000  0.0000000000000000  0.0000000000000000  0.0000000000000000  0.0000453999297625  0.0000000000000000  0.0000000000000000  0.0000000000000000  0.0000000000000000
  0.0000000000000000  0.0000000000000000  0.0000000000000000  0.0000000000000000  0.0000000000000000  0.0000000000000000  0.0000000000000000  0.0000000000000000  0.0000453999297625  0.0000000000000000  0.0000000000000000  0.0000000000000000
  0.0000000000000000  0.0000000000000000  0.0000000000000000  0.0000000000000000  0.0000000000000000  0.0000000000000000  0.0000000000000000  0.0000000000000000  0.0000000000000000  0.0000453999297625  0.0000000000000000  0.0000000000000000
  0.0000000000000000  0.0000000000000000  0.0000000000000000  0.0000000000000000  0.0000000000000000  0.0000000000000000  0.0000000000000000  0.0000000000000000  0.0000000000000000  0.0000000000000000  0.0000453999297625  0.0000000000000000
  0.0000000000000000  0.0000000000000000  0.0000000000000000  0.0000000000000000  0.0000000000000000  0.0000000000000000  0.0000000000000000  0.0000000000000000  0.0000000000000000  0.0000000000000000  0.0000000000000000  0.0000453999297625



  0.0000453999297625  0.0000000000000000  0.0000000000000000  0.0000000000000000  0.0000000000000000  0.0000000000000000  0.0000000000000000  0.0000000000000000  0.0000000000000000  0.0000000000000000  0.0000000000000000  0.0000000000000000
  0.0000000000000000  0.0000453999297625  0.0000000000000000  0.0000000000000000  0.0000000000000000  0.0000000000000000  0.0000000000000000  0.0000000000000000  0.0000000000000000  0.0000000000000000  0.0000000000000000  0.0000000000000000
  0.0000000000000000  0.0000000000000000  0.0000453999297625  0.0000000000000000  0.0000000000000000  0.0000000000000000  0.0000000000000000  0.0000000000000000  0.0000000000000000  0.0000000000000000  0.0000000000000000  0.0000000000000000
  0.0000000000000000  0.0000000000000000  0.0000000000000000  0.0000453999297625  0.0000000000000000  0.0000000000000000  0.0000000000000000  0.0000000000000000  0.0000000000000000  0.0000000000000000  0.0000000000000000  0.0000000000000000
  0.0000000000000000  0.0000000000000000  0.0000000000000000  0.0000000000000000  0.0000453999297625  0.0000000000000000  0.0000000000000000  0.0000000000000000  0.0000000000000000  0.0000000000000000  0.0000000000000000  0.0000000000000000
  0.0000000000000000  0.0000000000000000  0.0000000000000000  0.0000000000000000  0.0000000000000000  0.0000453999297625  0.0000000000000000  0.0000000000000000  0.0000000000000000  0.0000000000000000  0.0000000000000000  0.0000000000000000
  0.0000000000000000  0.0000000000000000  0.0000000000000000  0.0000000000000000  0.0000000000000000  0.0000000000000000  0.0000453999297625  0.0000000000000000  0.0000000000000000  0.0000000000000000  0.0000000000000000  0.0000000000000000
  0.0000000000000000  0.0000000000000000  0.0000000000000000  0.0000000000000000  0.0000000000000000  0.0000000000000000  0.0000000000000000  0.0000453999297625  0.0000000000000000  0.0000000000000000  0.0000000000000000  0.0000000000000000
  0.0000000000000000  0.0000000000000000  0.0000000000000000  0.0000000000000000  0.0000000000000000  0.0000000000000000  0.0000000000000000  0.0000000000000000  0.0000453999297625  0.0000000000000000  0.0000000000000000  0.0000000000000000
  0.0000000000000000  0.0000000000000000  0.0000000000000000  0.0000000000000000  0.0000000000000000  0.0000000000000000  0.0000000000000000  0.0000000000000000  0.0000000000000000  0.0000453999297625  0.0000000000000000  0.0000000000000000
  0.0000000000000000  0.0000000000000000  0.0000000000000000  0.0000000000000000  0.0000000000000000  0.0000000000000000  0.0000000000000000  0.0000000000000000  0.0000000000000000  0.0000000000000000  0.0000453999297625  0.0000000000000000
  0.0000000000000000  0.0000000000000000  0.0000000000000000  0.0000000000000000  0.0000000000000000  0.0000000000000000  0.0000000000000000  0.0000000000000000  0.0000000000000000  0.0000000000000000  0.0000000000000000  0.0000453999297625



  0.0000467349828381  0.0000038380652274  0.0000029182078866  0.0000042202246158  0.0000004510189225 -0.0000010254430149  0.0000006413338961  0.0000027220844535  0.0000001620982881 -0.0000013518073774  0.0000017161606839 -0.0000000756376105
  0.0000038380652274  0.0000564337567756  0.0000083893834788  0.0000121324744653  0.0000012966076593 -0.0000029479855520  0.0000018437329351  0.0000078255598057  0.0000004660067935 -0.0000038862311798  0.0000049336889789 -0.0000002174460986
  0.0000029182078866  0.0000083893834788  0.0000517786553915  0.0000092247214602  0.0000009858536718 -0.0000022414508816  0.0000014018511081  0.0000059500318491  0.0000003543203723 -0.0000029548300527  0.0000037512468484 -0.0000001653314579
  0.0000042202246158  0.0000121324744653  0.0000092247214602  0.0000587404449325  0.0000014257119764 -0.0000032415189573  0.0000020273149769  0.0000086047573889  0.0000005124074826 -0.0000042731864928  0.0000054249405474 -0.0000002390973898
  0.0000004510189225  0.0000012966076593  0.0000009858536718  0.0000014257119764  0.0000455522967898 -0.0000003464238330  0.0000002166608415  0.0000009195975948  0.0000000547614148 -0.0000004566790024  0.0000005797679183 -0.0000000255525373
 -0.0000010254430149 -0.0000029479855520 -0.0000022414508816 -0.0000032415189573 -0.0000003464238330  0.0000461875638993 -0.0000004926031601 -0.0000020908101256 -0.0000001245063288  0.0000010383118529 -0.0000013181685566  0.0000000580966111
  0.0000006413338961  0.0000018437329351  0.0000014018511081  0.0000020273149769  0.0000002166608415 -0.0000004926031601  0.0000457080142677  0.0000013076371718  0.0000000778689091 -0.0000006493823413  0.0000008244106828 -0.0000000363348576
  0.0000027220844535  0.0000078255598057  0.0000059500318491  0.0000086047573889  0.0000009195975948 -0.0000020908101256  0.0000013076371718  0.0000509500789718  0.0000003305076315 -0.0000027562453608  0.0000034991375269 -0.0000001542200586
  0.0000001620982881  0.0000004660067935  0.0000003543203723  0.0000005124074826  0.0000000547614148 -0.0000001245063288  0.0000000778689091  0.0000003305076315  0.0000454196112684 -0.0000001641325470  0.0000002083712731 -0.0000000091837002
 -0.0000013518073774 -0.0000038862311798 -0.0000029548300527 -0.0000042731864928 -0.0000004566790024  0.0000010383118529 -0.0000006493823413 -0.0000027562453608 -0.0000001641325470  0.0000467687017004 -0.0000017376977107  0.0000000765868277
  0.0000017161606839  0.0000049336889789  0.0000037512468484  0.0000054249405474  0.0000005797679183 -0.0000013181685566  0.0000008244106828  0.0000034991375269  0.0000002083712731 -0.0000017376977107  0.0000476059899909 -0.0000000972293130
 -0.0000000756376105 -0.0000002174460986 -0.0000001653314579 -0.0000002390973898 -0.0000000255525373  0.0000000580966111 -0.0000000363348576 -0.0000001542200586 -0.0000000091837002  0.0000000765868277 -0.0000000972293130  0.0000454042150214



  0.0000453999297625  0.0000000000000000  0.0000000000000000  0.0000000000000000  0.0000000000000000  0.0000000000000000  0.0000000000000000  0.0000000000000000  0.0000000000000000  0.0000000000000000  0.0000000000000000  0.0000000000000000
  0.0000000000000000  0.0000453999297625  0.0000000000000000  0.0000000000000000  0.0000000000000000  0.0000000000000000  0.0000000000000000  0.0000000000000000  0.0000000000000000  0.0000000000000000  0.0000000000000000  0.0000000000000000
  0.0000000000000000  0.0000000000000000  0.0000453999297625  0.0000000000000000  0.0000000000000000  0.0000000000000000  0.0000000000000000  0.0000000000000000  0.0000000000000000  0.0000000000000000  0.0000000000000000  0.0000000000000000
  0.0000000000000000  0.0000000000000000  0.0000000000000000  0.0000453999297625  0.0000000000000000  0.0000000000000000  0.0000000000000000  0.0000000000000000  0.0000000000000000  0.0000000000000000  0.0000000000000000  0.0000000000000000
  0.0000000000000000  0.0000000000000000  0.0000000000000000  0.0000000000000000  0.0000453999297625  0.0000000000000000  0.0000000000000000  0.0000000000000000  0.0000000000000000  0.0000000000000000  0.0000000000000000  0.0000000000000000
  0.0000000000000000  0.0000000000000000  0.0000000000000000  0.0000000000000000  0.0000000000000000  0.0000453999297625  0.0000000000000000  0.0000000000000000  0.0000000000000000  0.0000000000000000  0.0000000000000000  0.0000000000000000
  0.0000000000000000  0.0000000000000000  0.0000000000000000  0.0000000000000000  0.0000000000000000  0.0000000000000000  0.0000453999297625  0.0000000000000000  0.0000000000000000  0.0000000000000000  0.0000000000000000  0.0000000000000000
  0.0000000000000000  0.0000000000000000  0.0000000000000000  0.0000000000000000  0.0000000000000000  0.0000000000000000  0.0000000000000000  0.0000453999297625  0.0000000000000000  0.0000000000000000  0.0000000000000000  0.0000000000000000
  0.0000000000000000  0.0000000000000000  0.0000000000000000  0.0000000000000000  0.0000000000000000  0.0000000000000000  0.0000000000000000  0.0000000000000000  0.0000453999297625  0.0000000000000000  0.0000000000000000  0.0000000000000000
  0.0000000000000000  0.0000000000000000  0.0000000000000000  0.0000000000000000  0.0000000000000000  0.0000000000000000  0.0000000000000000  0.0000000000000000  0.0000000000000000  0.0000453999297625  0.0000000000000000  0.0000000000000000
  0.0000000000000000  0.0000000000000000  0.0000000000000000  0.0000000000000000  0.0000000000000000  0.0000000000000000  0.0000000000000000  0.0000000000000000  0.0000000000000000  0.0000000000000000  0.0000453999297625  0.0000000000000000
  0.0000000000000000  0.0000000000000000  0.0000000000000000  0.0000000000000000  0.0000000000000000  0.0000000000000000  0.0000000000000000  0.0000000000000000  0.0000000000000000  0.0000000000000000  0.0000000000000000  0.0000453999297625



  0.0000453999297625  0.0000000000000000  0.0000000000000000  0.0000000000000000  0.0000000000000000  0.0000000000000000  0.0000000000000000  0.0000000000000000  0.0000000000000000  0.0000000000000000  0.0000000000000000  0.0000000000000000
  0.0000000000000000  0.0000453999297625  0.0000000000000000  0.0000000000000000  0.0000000000000000  0.0000000000000000  0.0000000000000000  0.0000000000000000  0.0000000000000000  0.0000000000000000  0.0000000000000000  0.0000000000000000
  0.0000000000000000  0.0000000000000000  0.0000453999297625  0.0000000000000000  0.0000000000000000  0.0000000000000000  0.0000000000000000  0.0000000000000000  0.0000000000000000  0.0000000000000000  0.0000000000000000  0.0000000000000000
  0.0000000000000000  0.0000000000000000  0.0000000000000000  0.0000453999297625  0.0000000000000000  0.0000000000000000  0.0000000000000000  0.0000000000000000  0.0000000000000000  0.0000000000000000  0.0000000000000000  0.0000000000000000
  0.0000000000000000  0.0000000000000000  0.0000000000000000  0.0000000000000000  0.0000453999297625  0.0000000000000000  0.0000000000000000  0.0000000000000000  0.0000000000000000  0.0000000000000000  0.0000000000000000  0.0000000000000000
  0.0000000000000000  0.0000000000000000  0.0000000000000000  0.0000000000000000  0.0000000000000000  0.0000453999297625  0.0000000000000000  0.0000000000000000  0.0000000000000000  0.0000000000000000  0.0000000000000000  0.0000000000000000
  0.0000000000000000  0.0000000000000000  0.0000000000000000  0.0000000000000000  0.0000000000000000  0.0000000000000000  0.0000453999297625  0.0000000000000000  0.0000000000000000  0.0000000000000000  0.0000000000000000  0.0000000000000000
  0.0000000000000000  0.0000000000000000  0.0000000000000000  0.0000000000000000  0.0000000000000000  0.0000000000000000  0.0000000000000000  0.0000453999297625  0.0000000000000000  0.0000000000000000  0.0000000000000000  0.0000000000000000
  0.0000000000000000  0.0000000000000000  0.0000000000000000  0.0000000000000000  0.0000000000000000  0.0000000000000000  0.0000000000000000  0.0000000000000000  0.0000453999297625  0.0000000000000000  0.0000000000000000  0.0000000000000000
  0.0000000000000000  0.0000000000000000  0.0000000000000000  0.0000000000000000  0.0000000000000000  0.0000000000000000  0.0000000000000000  0.0000000000000000  0.0000000000000000  0.0000453999297625  0.0000000000000000  0.0000000000000000
  0.0000000000000000  0.0000000000000000  0.0000000000000000  0.0000000000000000  0.0000000000000000  0.0000000000000000  0.0000000000000000  0.0000000000000000  0.0000000000000000  0.0000000000000000  0.0000453999297625  0.0000000000000000
  0.0000000000000000  0.0000000000000000  0.0000000000000000  0.0000000000000000  0.0000000000000000  0.0000000000000000  0.0000000000000000  0.0000000000000000  0.0000000000000000  0.0000000000000000  0.0000000000000000  0.0000453999297625



  0.7825882931179241  1.0615583042235960  0.3089965076344344  1.4832218919825142  0.9794453616364017  0.5803392327292473  0.3542408749911572 -0.6115125772582188 -1.2926179852262631  0.7573461347670911 -1.3987293380318242 -0.3580227117241175
  1.0615583042235960  1.4610445057047252  0.2694883728154000  1.9582093914574221  1.3620567526849323  0.8315060545141086  0.3229061480735703 -0.8244245516359091 -1.7626269614626497  1.0021190552784218 -1.8904113957958701 -0.6452522539656611
  0.3089965076344344  0.2694883728154000  1.1918562443310530  0.9705795372798147  0.1480970839831408 -0.0870891260759022  1.2665568983494326 -0.2780756674464347 -0.4451770830824038  0.4795757729074233 -0.6025816983883837  0.9991585159098260
  1.4832218919825142  1.9582093914574221  0.9705795372798147  2.9498156384232700  1.7705630834140913  0.9861841184029768  1.0768007047905690 -1.1722263047654626 -2.4265426205371900  1.5004180085939638 -2.6692232594831520 -0.2682323846129038
  0.9794453616364017  1.3620567526849323  0.1480970839831408  1.7705630834140913  1.2791748533493075  0.7969103208813033  0.1920369376183864 -0.7572131602777421 -1.6324160053442835  0.9076366992118938 -1.7394602889020656 -0.7025345963705174
  0.5803392327292473  0.8315060545141086 -0.0870891260759022  0.9861841184029768  0.7969103208813033  0.5239134786920220 -0.0703500898683649 -0.4426789465093291 -0.9778966938588206  0.5082871860414544 -1.0224451457277695 -0.6026631533659411
  0.3542408749911572  0.3229061480735703  1.2665568983494326  1.0768007047905690  0.1920369376183864 -0.0703500898683649  1.3469885754969060 -0.3153782285022820 -0.5164443349119268  0.5329619549369273 -0.6861253638171109  1.0391000370740497
 -0.6115125772582188 -0.8244245516359091 -0.2780756674464347 -1.1722263047654626 -0.7572131602777421 -0.4426789465093291 -0.3153782285022820  0.4791605716706833  1.0078747593972992 -0.5980011092635280  1.0947477430115355  0.2407411719130024
 -1.2926179852262631 -1.7626269614626497 -0.4451770830824038 -2.4265426205371900 -1.6324160053442835 -0.9778966938588206 -0.5164443349119268  1.0078747593972992  2.1391914914680634 -1.2399902053470540  2.3073799897842155  0.6609293886926509
