
  0.0667926444052508  0.0279366913543263  0.0483552887843235  0.1006834158662643 -0.1734600527732200 -0.1432706892090266  0.2031578401311925 -0.0124738458850147 -0.1410252395569645 -0.0376939882698508  0.1408921739704735  0.1301468020400975
  0.0279366913543263  0.0361884385879782  0.0773361847484356  0.0937098531099257 -0.2338615302248885 -0.0585268963854528 -0.0853888176429686  0.0188703993372528 -0.1377518781793679  0.0578171358231957  0.0879428107645197  0.0458985751241791
  0.0483552887843235  0.0773361847484356  0.1684126869706707  0.1933674187302848 -0.5022467185715853 -0.1004342962646403 -0.2507921116541845  0.0472221966029801 -0.2860117798213675  0.1445516565021916  0.1697292190761098  0.0742637829845352
  0.1006834158662643  0.0937098531099257  0.1933674187302848  0.2606866855675465 -0.6017754173399924 -0.2130800146550699 -0.0529913610565623  0.0319962121503284 -0.3787726245287867  0.0983616867236292  0.2736345021864102  0.1782339566312525
 -0.1734600527732200 -0.2338615302248885 -0.5022467185715853 -0.6017754173399924  1.5144146990720270  0.3628400870647199  0.5960351750948703 -0.1264762564586179  0.8857281036174170 -0.3874266366001342 -0.5572360772624563 -0.2816731239030696
 -0.1432706892090266 -0.0585268963854528 -0.1004342962646403 -0.2130800146550699  0.3628400870647199  0.3076556699128732 -0.4460961441074104  0.0281918230858518  0.2980748651755785  0.0852379417619964 -0.3007159536620597 -0.2798600215833568
  0.2031578401311925 -0.0853888176429686 -0.2507921116541845 -0.0529913610565623  0.5960351750948703 -0.4460961441074104  1.8062242006985108 -0.2058834397068804  0.1194899503518641 -0.6276798855182901  0.2268879345097927  0.4558850389737065
 -0.0124738458850147  0.0188703993372528  0.0472221966029801  0.0319962121503284 -0.1264762564586179  0.0281918230858518 -0.2058834397068804  0.0261140367681861 -0.0512154491118889  0.0795574007680359  0.0022175437985038 -0.0327698224446628
 -0.1410252395569645 -0.1377518781793679 -0.2860117798213675 -0.3787726245287867  0.8857281036174170  0.2980748651755785  0.1194899503518641 -0.0512154491118889  0.5514955952471541 -0.1573208692384385 -0.3909700504149207 -0.2473714273215566
 -0.0376939882698508  0.0578171358231957  0.1445516565021916  0.0983616867236292 -0.3874266366001342  0.0852379417619964 -0.6276798855182901  0.0795574007680359 -0.1573208692384385  0.2428445137660117  0.0076416417995988 -0.0993035723950061
  0.1408921739704735  0.0879428107645197  0.1697292190761098  0.2736345021864102 -0.5572360772624563 -0.3007159536620597  0.2268879345097927  0.0022175437985038 -0.3909700504149207  0.0076416417995988  0.3317777287003560  0.2645583240154561
  0.1301468020400975  0.0458985751241791  0.0742637829845352  0.1782339566312525 -0.2816731239030696 -0.2798600215833568  0.4558850389737065 -0.0327698224446628 -0.2473714273215566 -0.0993035723950061  0.2645583240154561  0.2568179407088711



  0.0000453999297625  0.0000000000000000  0.0000000000000000  0.0000000000000000  0.0000000000000000  0.0000000000000000  0.0000000000000000  0.0000000000000000  0.0000000000000000  0.0000000000000000  0.0000000000000000  0.0000000000000000
  0.0000000000000000  0.0000453999297625  0.0000000000000000  0.0000000000000000  0.0000000000000000  0.0000000000000000  0.0000000000000000  0.0000000000000000  0.0000000000000000  0.0000000000000000  0.0000000000000000  0.0000000000000000
  0.0000000000000000  0.0000000000000000  0.0000453999297625  0.0000000000000000  0.0000000000000000  0.0000000000000000  0.0000000000000000  0.0000000000000000  0.0000000000000000  0.0000000000000000  0.0000000000000000  0.0000000000000000
  0.0000000000000000  0.0000000000000000  0.0000000000000000  0.0000453999297625  0.0000000000000000  0.0000000000000000  0.0000000000000000  0.0000000000000000  0.0000000000000000  0.0000000000000000  0.0000000000000000  0.0000000000000000
  0.0000000000000000  0.0000000000000000  0.0000000000000000  0.0000000000000000  0.0000453999297625  0.0000000000000000  0.0000000000000000  0.0000000000000000  0.0000000000000000  0.0000000000000000  0.0000000000000000  0.0000000000000000
  0.0000000000000000  0.0000000000000000  0.0000000000000000  0.0000000000000000  0.0000000000000000  0.0000453999297625  0.0000000000000000  0.0000000000000000  0.0000000000000000  0.0000000000000000  0.0000000000000000  0.0000000000000000
  0.0000000000000000  0.0000000000000000  0.0000000000000000  0.0000000000000000  0.0000000000000000  0.0000000000000000  0.0000453999297625  0.0000000000000000  0.0000000000000000  0.0000000000000000  0.0000000000000000  0.0000000000000000
  0.0000000000000000  0.0000000000000000  0.0000000000000000  0.0000000000000000  0.0000000000000000  0.0000000000000000  0.0000000000000000  0.0000453999297625  0.0000000000000000  0.0000000000000000  0.0000000000000000  0.0000000000000000
  0.0000000000000000  0.0000000000000000  0.0000000000000000  0.0000000000000000  0.0000000000000000  0.0000000000000000  0.0000000000000000  0.0000000000000000  0.0000453999297625  0.0000000000000000  0.0000000000000000  0.0000000000000000
  0.0000000000000000  0.0000000000000000  0.0000000000000000  0.0000000000000000  0.0000000000000000  0.0000000000000000  0.0000000000000000  0.0000000000000000  0.0000000000000000  0.0000453999297625  0.0000000000000000  0.0000000000000000
  0.0000000000000000  0.0000000000000000  0.0000000000000000  0.0000000000000000  0.0000000000000000  0.0000000000000000  0.0000000000000000  0.0000000000000000  0.0000000000000000  0.0000000000000000  0.0000453999297625  0.0000000000000000
  0.0000000000000000  0.0000000000000000  0.0000000000000000  0.0000000000000000  0.0000000000000000  0.0000000000000000  0.0000000000000000  0.0000000000000000  0.0000000000000000  0.0000000000000000  0.0000000000000000  0.0000453999297625



  0.0000453999297625  0.0000000000000000  0.0000000000000000  0.0000000000000000  0.0000000000000000  0.0000000000000000  0.0000000000000000  0.0000000000000000  0.0000000000000000  0.0000000000000000  0.0000000000000000  0.0000000000000000
  0.0000000000000000  0.0000453999297625  0.0000000000000000  0.0000000000000000  0.0000000000000000  0.0000000000000000  0.0000000000000000  0.0000000000000000  0.0000000000000000  0.0000000000000000  0.0000000000000000  0.0000000000000000
  0.0000000000000000  0.0000000000000000  0.0000453999297625  0.0000000000000000  0.0000000000000000  0.0000000000000000  0.0000000000000000  0.0000000000000000  0.0000000000000000  0.0000000000000000  0.0000000000000000  0.0000000000000000
  0.0000000000000000  0.0000000000000000  0.0000000000000000  0.0000453999297625  0.0000000000000000  0.0000000000000000  0.0000000000000000  0.0000000000000000  0.0000000000000000  0.0000000000000000  0.0000000000000000  0.0000000000000000
  0.0000000000000000  0.0000000000000000  0.0000000000000000  0.0000000000000000  0.0000453999297625  0.0000000000000000  0.0000000000000000  0.0000000000000000  0.0000000000000000  0.0000000000000000  0.0000000000000000  0.0000000000000000
  0.0000000000000000  0.0000000000000000  0.0000000000000000  0.0000000000000000  0.0000000000000000  0.0000453999297625  0.0000000000000000  0.0000000000000000  0.0000000000000000  0.0000000000000000  0.0000000000000000  0.0000000000000000
  0.0000000000000000  0.0000000000000000  0.0000000000000000  0.0000000000000000  0.0000000000000000  0.0000000000000000  0.0000453999297625  0.0000000000000000  0.0000000000000000  0.0000000000000000  0.0000000000000000  0.0000000000000000
  0.0000000000000000  0.0000000000000000  0.0000000000000000  0.0000000000000000  0.0000000000000000  0.0000000000000000  0.0000000000000000  0.0000453999297625  0.0000000000000000  0.0000000000000000  0.0000000000000000  0.0000000000000000
  0.0000000000000000  0.0000000000000000  0.0000000000000000  0.0000000000000000  0.0000000000000000  0.0000000000000000  0.0000000000000000  0.0000000000000000  0.0000453999297625  0.0000000000000000  0.0000000000000000  0.0000000000000000
  0.0000000000000000  0.0000000000000000  0.0000000000000000  0.0000000000000000  0.0000000000000000  0.0000000000000000  0.0000000000000000  0.0000000000000000  0.0000000000000000  0.0000453999297625  0.0000000000000000  0.0000000000000000
  0.0000000000000000  0.0000000000000000  0.0000000000000000  0.0000000000000000  0.0000000000000000  0.0000000000000000  0.0000000000000000  0.0000000000000000  0.0000000000000000  0.0000000000000000  0.0000453999297625  0.0000000000000000
  0.0000000000000000  0.0000000000000000  0.0000000000000000  0.0000000000000000  0.0000000000000000  0.0000000000000000  0.0000000000000000  0.0000000000000000  0.0000000000000000  0.0000000000000000  0.0000000000000000  0.0000453999297625



  0.0000453999297625  0.0000000000000000  0.0000000000000000  0.0000000000000000  0.0000000000000000  0.0000000000000000  0.0000000000000000  0.0000000000000000  0.0000000000000000  0.0000000000000000  0.0000000000000000  0.0000000000000000
  0.0000000000000000  0.0000453999297625  0.0000000000000000  0.0000000000000000  0.0000000000000000  0.0000000000000000  0.0000000000000000  0.0000000000000000  0.0000000000000000  0.0000000000000000  0.0000000000000000  0.0000000000000000
  0.0000000000000000  0.0000000000000000  0.0000453999297625  0.0000000000000000  0.0000000000000000  0.0000000000000000  0.0000000000000000  0.0000000000000000  0.0000000000000000  0.0000000000000000  0.0000000000000000  0.0000000000000000
  0.0000000000000000  0.0000000000000000  0.0000000000000000  0.0000453999297625  0.0000000000000000  0.0000000000000000  0.0000000000000000  0.0000000000000000  0.0000000000000000  0.0000000000000000  0.0000000000000000  0.0000000000000000
  0.0000000000000000  0.0000000000000000  0.0000000000000000  0.0000000000000000  0.0000453999297625  0.0000000000000000  0.0000000000000000  0.0000000000000000  0.0000000000000000  0.0000000000000000  0.0000000000000000  0.0000000000000000
  0.0000000000000000  0.0000000000000000  0.0000000000000000  0.0000000000000000  0.0000000000000000  0.0000453999297625  0.0000000000000000  0.0000000000000000  0.0000000000000000  0.0000000000000000  0.0000000000000000  0.0000000000000000
  0.0000000000000000  0.0000000000000000  0.0000000000000000  0.0000000000000000  0.0000000000000000  0.0000000000000000  0.0000453999297625  0.0000000000000000  0.0000000000000000  0.0000000000000000  0.0000000000000000  0.0000000000000000
  0.0000000000000000  0.0000000000000000  0.0000000000000000  0.0000000000000000  0.0000000000000000  0.0000000000000000  0.0000000000000000  0.0000453999297625  0.0000000000000000  0.0000000000000000  0.0000000000000000  0.0000000000000000
  0.0000000000000000  0.0000000000000000  0.0000000000000000  0.0000000000000000  0.0000000000000000  0.0000000000000000  0.0000000000000000  0.0000000000000000  0.0000453999297625  0.0000000000000000  0.0000000000000000  0.0000000000000000
  0.0000000000000000  0.0000000000000000  0.0000000000000000  0.0000000000000000  0.0000000000000000  0.0000000000000000  0.0000000000000000  0.0000000000000000  0.0000000000000000  0.0000453999297625  0.0000000000000000  0.0000000000000000
  0.0000000000000000  0.0000000000000000  0.0000000000000000  0.0000000000000000  0.0000000000000000  0.0000000000000000  0.0000000000000000  0.0000000000000000  0.0000000000000000  0.0000000000000000  0.0000453999297625  0.0000000000000000
  0.0000000000000000  0.0000000000000000  0.0000000000000000  0.0000000000000000  0.0000000000000000  0.0000000000000000  0.0000000000000000  0.0000000000000000  0.0000000000000000  0.0000000000000000  0.0000000000000000  0.0000453999297625



  0.0000453999297625  0.0000000000000000  0.0000000000000000  0.0000000000000000  0.0000000000000000  0.0000000000000000  0.0000000000000000  0.0000000000000000  0.0000000000000000  0.0000000000000000  0.0000000000000000  0.0000000000000000
  0.0000000000000000  0.0000453999297625  0.0000000000000000  0.0000000000000000  0.0000000000000000  0.0000000000000000  0.0000000000000000  0.0000000000000000  0.0000000000000000  0.0000000000000000  0.0000000000000000  0.0000000000000000
  0.0000000000000000  0.0000000000000000  0.0000453999297625  0.0000000000000000  0.0000000000000000  0.0000000000000000  0.0000000000000000  0.0000000000000000  0.0000000000000000  0.0000000000000000  0.0000000000000000  0.0000000000000000
  0.0000000000000000  0.0000000000000000  0.0000000000000000  0.0000453999297625  0.0000000000000000  0.0000000000000000  0.0000000000000000  0.0000000000000000  0.0000000000000000  0.0000000000000000  0.0000000000000000  0.0000000000000000
  0.0000000000000000  0.0000000000000000  0.0000000000000000  0.0000000000000000  0.0000453999297625  0.0000000000000000  0.0000000000000000  0.0000000000000000  0.0000000000000000  0.0000000000000000  0.0000000000000000  0.0000000000000000
  0.0000000000000000  0.0000000000000000  0.0000000000000000  0.0000000000000000  0.0000000000000000  0.0000453999297625  0.0000000000000000  0.0000000000000000  0.0000000000000000  0.0000000000000000  0.0000000000000000  0.0000000000000000
  0.0000000000000000  0.0000000000000000  0.0000000000000000  0.0000000000000000  0.0000000000000000  0.0000000000000000  0.0000453999297625  0.0000000000000000  0.0000000000000000  0.0000000000000000  0.0000000000000000  0.0000000000000000
  0.0000000000000000  0.0000000000000000  0.0000000000000000  0.0000000000000000  0.0000000000000000  0.0000000000000000  0.0000000000000000  0.0000453999297625  0.0000000000000000  0.0000000000000000  0.0000000000000000  0.0000000000000000
  0.0000000000000000  0.0000000000000000  0.0000000000000000  0.0000000000000000  0.0000000000000000  0.0000000000000000  0.0000000000000000  0.0000000000000000  0.0000453999297625  0.0000000000000000  0.0000000000000000  0.0000000000000000
  0.0000000000000000  0.0000000000000000  0.0000000000000000  0.0000000000000000  0.0000000000000000  0.0000000000000000  0.0000000000000000  0.0000000000000000  0.0000000000000000  0.0000453999297625  0.0000000000000000  0.0000000000000000
  0.0000000000000000  0.0000000000000000  0.0000000000000000  0.0000000000000000  0.0000000000000000  0.0000000000000000  0.0000000000000000  0.0000000000000000  0.0000000000000000  0.0000000000000000  0.0000453999297625  0.0000000000000000
  0.0000000000000000  0.0000000000000000  0.0000000000000000  0.0000000000000000  0.0000000000000000  0.0000000000000000  0.0000000000000000  0.0000000000000000  0.0000000000000000  0.0000000000000000  0.0000000000000000  0.0000453999297625



  0.0000453999297625  0.0000000000000000  0.0000000000000000  0.0000000000000000  0.0000000000000000  0.0000000000000000  0.0000000000000000  0.0000000000000000  0.0000000000000000  0.0000000000000000  0.0000000000000000  0.0000000000000000
  0.0000000000000000  0.0000453999297625  0.0000000000000000  0.0000000000000000  0.0000000000000000  0.0000000000000000  0.0000000000000000  0.0000000000000000  0.0000000000000000  0.0000000000000000  0.0000000000000000  0.0000000000000000
  0.0000000000000000  0.0000000000000000  0.0000453999297625  0.0000000000000000  0.0000000000000000  0.0000000000000000  0.0000000000000000  0.0000000000000000  0.0000000000000000  0.0000000000000000  0.0000000000000000  0.0000000000000000
  0.0000000000000000  0.0000000000000000  0.0000000000000000  0.0000453999297625  0.0000000000000000  0.0000000000000000  0.0000000000000000  0.0000000000000000  0.0000000000000000  0.0000000000000000  0.0000000000000000  0.0000000000000000
  0.0000000000000000  0.0000000000000000  0.0000000000000000  0.0000000000000000  0.0000453999297625  0.0000000000000000  0.0000000000000000  0.0000000000000000  0.0000000000000000  0.0000000000000000  0.0000000000000000  0.0000000000000000
  0.0000000000000000  0.0000000000000000  0.0000000000000000  0.0000000000000000  0.0000000000000000  0.0000453999297625  0.0000000000000000  0.0000000000000000  0.0000000000000000  0.0000000000000000  0.0000000000000000  0.0000000000000000
  0.0000000000000000  0.0000000000000000  0.0000000000000000  0.0000000000000000  0.0000000000000000  0.0000000000000000  0.0000453999297625  0.0000000000000000  0.0000000000000000  0.0000000000000000  0.0000000000000000  0.0000000000000000
  0.0000000000000000  0.0000000000000000  0.0000000000000000  0.0000000000000000  0.0000000000000000  0.0000000000000000  0.0000000000000000  0.0000453999297625  0.0000000000000000  0.0000000000000000  0.0000000000000000  0.0000000000000000
  0.0000000000000000  0.0000000000000000  0.0000000000000000  0.0000000000000000  0.0000000000000000  0.0000000000000000  0.0000000000000000  0.0000000000000000  0.0000453999297625  0.0000000000000000  0.0000000000000000  0.0000000000000000
  0.0000000000000000  0.0000000000000000  0.0000000000000000  0.0000000000000000  0.0000000000000000  0.0000000000000000  0.0000000000000000  0.0000000000000000  0.0000000000000000  0.0000453999297625  0.0000000000000000  0.0000000000000000
  0.0000000000000000  0.0000000000000000  0.0000000000000000  0.0000000000000000  0.0000000000000000  0.0000000000000000  0.0000000000000000  0.0000000000000000  0.0000000000000000  0.0000000000000000  0.0000453999297625  0.0000000000000000
  0.0000000000000000  0.0000000000000000  0.0000000000000000  0.0000000000000000  0.0000000000000000  0.0000000000000000  0.0000000000000000  0.0000000000000000  0.0000000000000000  0.0000000000000000  0.0000000000000000  0.0000453999297625



  0.0001077283538213  0.0000195595581216 -0.0002403684981885 -0.0000717918500185 -0.0000169571418366  0.0002160460081025  0.0001269960814980 -0.0001269220669918 -0.0001081000010612  0.0001022093867369  0.0000856176097017 -0.0001398019278376
  0.0000195595581216  0.0000515380011110 -0.0000754311003672 -0.0000225293176315 -0.0000053213955966  0.0000677983522963  0.0000398532014050 -0.0000398299745858 -0.0000339233389200  0.0000320747792141  0.0000268680403600 -0.0000438718606212
 -0.0002403684981885 -0.0000754311003672  0.0009723769196974  0.0002768640380648  0.0000653949266066 -0.0008331777241513 -0.0004897582097808  0.0004894727741076  0.0004168857997237 -0.0003941687466307 -0.0003301828431132  0.0005391437365158
 -0.0000717918500185 -0.0000225293176315  0.0002768640380648  0.0001280920530901  0.0000195317722509 -0.0002488486247651 -0.0001462781030248  0.0001461928507759  0.0001245129999737 -0.0001177280040994 -0.0000986170705817  0.0001610282818343
 -0.0000169571418366 -0.0000053213955966  0.0000653949266066  0.0000195317722509  0.0000500133090290 -0.0000587777223305 -0.0000345506981634  0.0000345305616928  0.0000294098090592 -0.0000278072018361 -0.0000232932241324  0.0000380346712623
  0.0002160460081025  0.0000677983522963 -0.0008331777241513 -0.0002488486247651 -0.0000587777223305  0.0007942697804270  0.0004402003879711 -0.0004399438350607 -0.0003747018163517  0.0003542834642232  0.0002967721882699 -0.0004845886750783
  0.0001269960814980  0.0000398532014050 -0.0004897582097808 -0.0001462781030248 -0.0000345506981634  0.0004402003879711  0.0003041583527354 -0.0002586076161397 -0.0002202570777621  0.0002082547698567  0.0001744485137164 -0.0002848507288504
 -0.0001269220669918 -0.0000398299745858  0.0004894727741076  0.0001461928507759  0.0000345305616928 -0.0004399438350607 -0.0002586076161397  0.0003038568269606  0.0002201287098736 -0.0002081333970257 -0.0001743468434882  0.0002846847151769
 -0.0001081000010612 -0.0000339233389200  0.0004168857997237  0.0001245129999737  0.0000294098090592 -0.0003747018163517 -0.0002202570777621  0.0002201287098736  0.0002328843785658 -0.0001772679958073 -0.0001484918612877  0.0002424670409340
  0.0001022093867369  0.0000320747792141 -0.0003941687466307 -0.0001177280040994 -0.0000278072018361  0.0003542834642232  0.0002082547698567 -0.0002081333970257 -0.0001772679958073  0.0002130081902775  0.0001404002028551 -0.0002292544617436
  0.0000856176097017  0.0000268680403600 -0.0003301828431132 -0.0000986170705817 -0.0000232932241324  0.0002967721882699  0.0001744485137164 -0.0001743468434882 -0.0001484918612877  0.0001404002028551  0.0001630087928411 -0.0001920392994673
 -0.0001398019278376 -0.0000438718606212  0.0005391437365158  0.0001610282818343  0.0000380346712623 -0.0004845886750783 -0.0002848507288504  0.0002846847151769  0.0002424670409340 -0.0002292544617436 -0.0001920392994673  0.0003589740225181



  0.0000453999297625  0.0000000000000000  0.0000000000000000  0.0000000000000000  0.0000000000000000  0.0000000000000000  0.0000000000000000  0.0000000000000000  0.0000000000000000  0.0000000000000000  0.0000000000000000  0.0000000000000000
  0.0000000000000000  0.0000453999297625  0.0000000000000000  0.0000000000000000  0.0000000000000000  0.0000000000000000  0.0000000000000000  0.0000000000000000  0.0000000000000000  0.0000000000000000  0.0000000000000000  0.0000000000000000
  0.0000000000000000  0.0000000000000000  0.0000453999297625  0.0000000000000000  0.0000000000000000  0.0000000000000000  0.0000000000000000  0.0000000000000000  0.0000000000000000  0.0000000000000000  0.0000000000000000  0.0000000000000000
  0.0000000000000000  0.0000000000000000  0.0000000000000000  0.0000453999297625  0.0000000000000000  0.0000000000000000  0.0000000000000000  0.0000000000000000  0.0000000000000000  0.0000000000000000  0.0000000000000000  0.0000000000000000
  0.0000000000000000  0.0000000000000000  0.0000000000000000  0.0000000000000000  0.0000453999297625  0.0000000000000000  0.0000000000000000  0.0000000000000000  0.0000000000000000  0.0000000000000000  0.0000000000000000  0.0000000000000000
  0.0000000000000000  0.0000000000000000  0.0000000000000000  0.0000000000000000  0.0000000000000000  0.0000453999297625  0.0000000000000000  0.0000000000000000  0.0000000000000000  0.0000000000000000  0.0000000000000000  0.0000000000000000
  0.0000000000000000  0.0000000000000000  0.0000000000000000  0.0000000000000000  0.0000000000000000  0.0000000000000000  0.0000453999297625  0.0000000000000000  0.0000000000000000  0.0000000000000000  0.0000000000000000  0.0000000000000000
  0.0000000000000000  0.0000000000000000  0.0000000000000000  0.0000000000000000  0.0000000000000000  0.0000000000000000  0.0000000000000000  0.0000453999297625  0.0000000000000000  0.0000000000000000  0.0000000000000000  0.0000000000000000
  0.0000000000000000  0.0000000000000000  0.0000000000000000  0.0000000000000000  0.0000000000000000  0.0000000000000000  0.0000000000000000  0.0000000000000000  0.0000453999297625  0.0000000000000000  0.0000000000000000  0.0000000000000000
  0.0000000000000000  0.0000000000000000  0.0000000000000000  0.0000000000000000  0.0000000000000000  0.0000000000000000  0.0000000000000000  0.0000000000000000  0.0000000000000000  0.0000453999297625  0.0000000000000000  0.0000000000000000
  0.0000000000000000  0.0000000000000000  0.0000000000000000  0.0000000000000000  0.0000000000000000  0.0000000000000000  0.0000000000000000  0.0000000000000000  0.0000000000000000  0.0000000000000000  0.0000453999297625  0.0000000000000000
  0.0000000000000000  0.0000000000000000  0.0000000000000000  0.0000000000000000  0.0000000000000000  0.0000000000000000  0.0000000000000000  0.0000000000000000  0.0000000000000000  0.0000000000000000  0.0000000000000000  0.0000453999297625



  0.2206939094879201  0.0741355066374884 -0.0115875330645449 -0.4039786199027289  0.0917998495278053  0.0133734315390421  0.2005174892162809  0.1831991558431671  0.0513639006396438  0.0735095417653497  0.1866232687361135  0.1411407261746600
  0.0741355066374884  0.4459942640470254  0.3169028279579871 -0.1119069363770597  0.4595437265630256  0.1669249653553151  0.0124233884111927 -0.1666752895206304  0.2740300409136172  0.2534312322081630  0.2702477166709673  0.0476950384313077
 -0.0115875330645449  0.3169028279579871  0.2876805456577682  0.1838835318267018  0.4394264298641741  0.0738714515969780 -0.0322469026483854 -0.1665845212145122  0.2280515569616571  0.1934729173020595  0.1999673405484570 -0.0367965776383218
 -0.4039786199027289 -0.1119069363770597  0.1838835318267018  1.2311869387987913  0.2551077241352085 -0.1821174419725579 -0.3018891454167316 -0.2909180494668361  0.0395765089144972 -0.0434333480515199 -0.1547974661228552 -0.3587660597249780
  0.0917998495278053  0.4595437265630256  0.4394264298641741  0.2551077241352085  0.7994043460976451  0.0351792197117970  0.0830969821081732 -0.1094370038980007  0.3797335623178842  0.3271290486062453  0.4315040349690024 -0.0226889301957136
  0.0133734315390421  0.1669249653553151  0.0738714515969780 -0.1821174419725579  0.0351792197117970  0.1202977917962154 -0.0323048322943861 -0.0964831380003855  0.0616417559811432  0.0660791907007226  0.0317706237676352  0.0428208551079569
  0.2005174892162809  0.0124233884111927 -0.0322469026483854 -0.3018891454167316  0.0830969821081732 -0.0323048322943861  0.1989683164314185  0.2042745940587844  0.0297712440069123  0.0478563174183282  0.1669300836238835  0.1142335178748639
  0.1831991558431671 -0.1666752895206304 -0.1665845212145122 -0.2909180494668361 -0.1094370038980007 -0.0964831380003855  0.2042745940587844  0.2825884611126923 -0.0825911464093300 -0.0537929098611738  0.0629612554065903  0.1052815540426776
  0.0513639006396438  0.2740300409136172  0.2280515569616571  0.0395765089144972  0.3797335623178842  0.0616417559811432  0.0297712440069123 -0.0825911464093300  0.1975282021156104  0.1756066748993164  0.2125660649548109  0.0086365629919186
  0.0735095417653497  0.2534312322081630  0.1934729173020595 -0.0434333480515199  0.3271290486062453  0.0660791907007226  0.0478563174183282 -0.0537929098611738  0.1756066748993164  0.1612749460109312  0.2028691208314785  0.0311546732947516
  0.1866232687361135  0.2702477166709673  0.1999673405484570 -0.1547974661228552  0.4315040349690024  0.0317706237676352  0.1669300836238835  0.0629612554065903  0.2125660649548109  0.2028691208314785  0.3227758188996996  0.0836467834765920
  0.1411407261746600  0.0476950384313077 -0.0367965776383218 -0.3587660597249780 -0.0226889301957136  0.0428208551079569  0.1142335178748639  0.1052815540426776  0.0086365629919186  0.0311546732947516  0.0836467834765920  0.1108813478682352



  0.0000645154215332 -0.0000285686653598  0.0000086308225715  0.0000566218055746 -0.0000004406661568 -0.0000442910320977  0.0000521388631571  0.0000333215999437 -0.0000037546291603  0.0000104647209993 -0.0000147260820797 -0.0000592106245818
 -0.0000285686653598  0.0000880966414261 -0.0000128990184915 -0.0000846229558169  0.0000006585885479  0.0000661942517419 -0.0000779230663612 -0.0000498001123625  0.0000056114038455 -0.0000156398336962  0.0000220085633184  0.0000884920220581
  0.0000086308225715 -0.0000128990184915  0.0000492968265389  0.0000255652725786 -0.0000001989648740 -0.0000199978135079  0.0000235411823240  0.0000150450127238 -0.0000016952500356  0.0000047249189971 -0.0000066489632141 -0.0000267341484720
  0.0000566218055746 -0.0000846229558169  0.0000255652725786  0.0002131188095584 -0.0000013052927830 -0.0001311940199193  0.0001544400012291  0.0000987015754592 -0.0000111215492057  0.0000309974446342 -0.0000436199793548 -0.0001753871944934
 -0.0000004406661568  0.0000006585885479 -0.0000001989648740 -0.0000013052927830  0.0000454100883639  0.0000010210335746 -0.0000012019482795 -0.0000007681571346  0.0000000865548228 -0.0000002412414203  0.0000003394778472  0.0000013649723840
 -0.0000442910320977  0.0000661942517419 -0.0000199978135079 -0.0001311940199193  0.0000010210335746  0.0001480232652125 -0.0001208069396973 -0.0000772069099950  0.0000086995617297 -0.0000242469981539  0.0000341206693446  0.0001371923728323
  0.0000521388631571 -0.0000779230663612  0.0000235411823240  0.0001544400012291 -0.0000012019482795 -0.0001208069396973  0.0001876123867540  0.0000908870334323 -0.0000102410180362  0.0000285432706993 -0.0000401664360826 -0.0001615011891690
  0.0000333215999437 -0.0000498001123625  0.0000150450127238  0.0000987015754592 -0.0000007681571346 -0.0000772069099950  0.0000908870334323  0.0001034852270766 -0.0000065449663716  0.0000182418140661 -0.0000256701015954 -0.0001032143336096
 -0.0000037546291603  0.0000056114038455 -0.0000016952500356 -0.0000111215492057  0.0000000865548228  0.0000086995617297 -0.0000102410180362 -0.0000065449663716  0.0000461374070035 -0.0000020554609366  0.0000028924695141  0.0000116300401957
  0.0000104647209993 -0.0000156398336962  0.0000047249189971  0.0000309974446342 -0.0000002412414203 -0.0000242469981539  0.0000285432706993  0.0000182418140661 -0.0000020554609366  0.0000511288111801 -0.0000080617512867 -0.0000324146861550
 -0.0000147260820797  0.0000220085633184 -0.0000066489632141 -0.0000436199793548  0.0000003394778472  0.0000341206693446 -0.0000401664360826 -0.0000256701015954  0.0000028924695141 -0.0000080617512867  0.0000567445237714  0.0000456143387806
 -0.0000592106245818  0.0000884920220581 -0.0000267341484720 -0.0001753871944934  0.0000013649723840  0.0001371923728323 -0.0001615011891690 -0.0001032143336096  0.0000116300401957 -0.0000324146861550  0.0000456143387806  0.0002288060437892



  0.0000465624654430  0.0000056450492624 -0.0000055111902654 -0.0000103027839162 -0.0000402063390322  0.0000059117738327  0.0000116853431701 -0.0000024033149890 -0.0000041149295644 -0.0000031202937113  0.0000122544507760 -0.0000045994274892
  0.0000056450492624  0.0000728112012686 -0.0000267612780091 -0.0000500283335124 -0.0001952342352105  0.0000287064346256  0.0000567417748522 -0.0000116700345053 -0.0000199813050824 -0.0000151515450304  0.0000595052517283 -0.0000223339336504
 -0.0000055111902654 -0.0000267612780091  0.0000715266273336  0.0000488420298620  0.0001906047169025 -0.0000280257293973 -0.0000553962778126  0.0000113933072278  0.0000195074956729  0.0000147922619619 -0.0000580942253681  0.0000218043372166
 -0.0000103027839162 -0.0000500283335124  0.0000488420298620  0.0001367066812015  0.0003563221585687 -0.0000523921367560 -0.0001035594585886  0.0000212989892937  0.0000364678958601  0.0000276530969328 -0.0001086030824417  0.0000407616801379
 -0.0000402063390322 -0.0001952342352105  0.0001906047169025  0.0003563221585687  0.0014359376357484 -0.0002044589142282 -0.0004041380209340  0.0000831187367951  0.0001423149894893  0.0001079154721302 -0.0004238206282992  0.0001590713679408
  0.0000059117738327  0.0000287064346256 -0.0000280257293973 -0.0000523921367560 -0.0002044589142282  0.0000754627230456  0.0000594227834332 -0.0000122214353512 -0.0000209254075629 -0.0000158674447771  0.0000623168326300 -0.0000233891961606
  0.0000116853431701  0.0000567417748522 -0.0000553962778126 -0.0001035594585886 -0.0004041380209340  0.0000594227834332  0.0001628563203813 -0.0000241571599578 -0.0000413616243226 -0.0000313639429892  0.0001231768323969 -0.0000462316034654
 -0.0000024033149890 -0.0000116700345053  0.0000113933072278  0.0000212989892937  0.0000831187367951 -0.0000122214353512 -0.0000241571599578  0.0000503683131272  0.0000085068115035  0.0000064505965466 -0.0000253336785477  0.0000095084161376
 -0.0000041149295644 -0.0000199813050824  0.0000195074956729  0.0000364678958601  0.0001423149894893 -0.0000209254075629 -0.0000413616243226  0.0000085068115035  0.0000599651991156  0.0000110446406565 -0.0000433760465481  0.0000162802058219
 -0.0000031202937113 -0.0000151515450304  0.0000147922619619  0.0000276530969328  0.0001079154721302 -0.0000158674447771 -0.0000313639429892  0.0000064505965466  0.0000110446406565  0.0000537749267690 -0.0000328914512742  0.0000123450530682
  0.0000122544507760  0.0000595052517283 -0.0000580942253681 -0.0001086030824417 -0.0004238206282992  0.0000623168326300  0.0001231768323969 -0.0000253336785477 -0.0000433760465481 -0.0000328914512742  0.0001745758048205 -0.0000484832067587
 -0.0000045994274892 -0.0000223339336504  0.0000218043372166  0.0000407616801379  0.0001590713679408 -0.0000233891961606 -0.0000462316034654  0.0000095084161376  0.0000162802058219  0.0000123450530682 -0.0000484832067587  0.0000635969912227



  0.0000453999297625  0.0000000000000000  0.0000000000000000  0.0000000000000000  0.0000000000000000  0.0000000000000000  0.0000000000000000  0.0000000000000000  0.0000000000000000  0.0000000000000000  0.0000000000000000  0.0000000000000000
  0.0000000000000000  0.0000453999297625  0.0000000000000000  0.0000000000000000  0.0000000000000000  0.0000000000000000  0.0000000000000000  0.0000000000000000  0.0000000000000000  0.0000000000000000  0.0000000000000000  0.0000000000000000
  0.0000000000000000  0.0000000000000000  0.0000453999297625  0.0000000000000000  0.0000000000000000  0.0000000000000000  0.0000000000000000  0.0000000000000000  0.0000000000000000  0.0000000000000000  0.0000000000000000  0.0000000000000000
  0.0000000000000000  0.0000000000000000  0.0000000000000000  0.0000453999297625  0.0000000000000000  0.0000000000000000  0.0000000000000000  0.0000000000000000  0.0000000000000000  0.0000000000000000  0.0000000000000000  0.0000000000000000
  0.0000000000000000  0.0000000000000000  0.0000000000000000  0.0000000000000000  0.0000453999297625  0.0000000000000000  0.0000000000000000  0.0000000000000000  0.0000000000000000  0.0000000000000000  0.0000000000000000  0.0000000000000000
  0.0000000000000000  0.0000000000000000  0.0000000000000000  0.0000000000000000  0.0000000000000000  0.0000453999297625  0.0000000000000000  0.0000000000000000  0.0000000000000000  0.0000000000000000  0.0000000000000000  0.0000000000000000
  0.0000000000000000  0.0000000000000000  0.0000000000000000  0.0000000000000000  0.0000000000000000  0.0000000000000000  0.0000453999297625  0.0000000000000000  0.0000000000000000  0.0000000000000000  0.0000000000000000  0.0000000000000000
  0.0000000000000000  0.0000000000000000  0.0000000000000000  0.0000000000000000  0.0000000000000000  0.0000000000000000  0.0000000000000000  0.0000453999297625  0.0000000000000000  0.0000000000000000  0.0000000000000000  0.0000000000000000
  0.0000000000000000  0.0000000000000000  0.0000000000000000  0.0000000000000000  0.0000000000000000  0.0000000000000000  0.0000000000000000  0.0000000000000000  0.0000453999297625  0.0000000000000000  0.0000000000000000  0.0000000000000000
  0.0000000000000000  0.0000000000000000  0.0000000000000000  0.0000000000000000  0.0000000000000000  0.0000000000000000  0.0000000000000000  0.0000000000000000  0.0000000000000000  0.0000453999297625  0.0000000000000000  0.0000000000000000
  0.0000000000000000  0.0000000000000000  0.0000000000000000  0.0000000000000000  0.0000000000000000  0.0000000000000000  0.0000000000000000  0.0000000000000000  0.0000000000000000  0.0000000000000000  0.0000453999297625  0.0000000000000000
  0.0000000000000000  0.0000000000000000  0.0000000000000000  0.0000000000000000  0.0000000000000000  0.0000000000000000  0.0000000000000000  0.0000000000000000  0.0000000000000000  0.0000000000000000  0.0000000000000000  0.0000453999297625



  0.0000498870419814 -0.0000100122349097 -0.0000148619373338 -0.0000174131952753 -0.0000086491295634  0.0000167910398407  0.0000003076127976  0.0000075176530003  0.0000020992040340 -0.0000207326525645  0.0000304691076705 -0.0000074390798804
 -0.0000100122349097  0.0000677405450617  0.0000331619091612  0.0000388546114114  0.0000192990753806 -0.0000374663763822 -0.0000006863861301 -0.0000167743760655 -0.0000046840201195  0.0000462614210767 -0.0000679866802084  0.0000165990533870
 -0.0000148619373338  0.0000331619091612  0.0000946247252521  0.0000576749152547  0.0000286471154037 -0.0000556142502588 -0.0000010188562038 -0.0000248995082665 -0.0000069528545939  0.0000686694176891 -0.0001009179059326  0.0000246392632078
 -0.0000174131952753  0.0000388546114114  0.0000576749152547  0.0001129755451926  0.0000335647906053 -0.0000651612086699 -0.0000011937570208 -0.0000291738546574 -0.0000081464086441  0.0000804574768958 -0.0001182418660036  0.0000288689349201
 -0.0000086491295634  0.0000192990753806  0.0000286471154037  0.0000335647906053  0.0000620715525247 -0.0000323655553955 -0.0000005929388017 -0.0000144906460191 -0.0000040463190543  0.0000399632078442 -0.0000587307040850  0.0000143391924650
  0.0000167910398407 -0.0000374663763822 -0.0000556142502588 -0.0000651612086699 -0.0000323655553955  0.0001082329959253  0.0000011511053186  0.0000281315030419  0.0000078553458994 -0.0000775828145654  0.0001140172065786 -0.0000278374777711
  0.0000003076127976 -0.0000006863861301 -0.0000010188562038 -0.0000011937570208 -0.0000005929388017  0.0000011511053186  0.0000454210180769  0.0000005153707236  0.0000001439103803 -0.0000014213215419  0.0000020888016601 -0.0000005099841640
  0.0000075176530003 -0.0000167743760655 -0.0000248995082665 -0.0000291738546574 -0.0000144906460191  0.0000281315030419  0.0000005153707236  0.0000579949137689  0.0000035169807963 -0.0000347352328516  0.0000510475708027 -0.0000124633435613
  0.0000020992040340 -0.0000046840201195 -0.0000069528545939 -0.0000081464086441 -0.0000040463190543  0.0000078553458994  0.0000001439103803  0.0000035169807963  0.0000463819996019 -0.0000096993491083  0.0000142543512652 -0.0000034802219629
 -0.0000207326525645  0.0000462614210767  0.0000686694176891  0.0000804574768958  0.0000399632078442 -0.0000775828145654 -0.0000014213215419 -0.0000347352328516 -0.0000096993491083  0.0001411949224863 -0.0001407821762561  0.0000343721866173
  0.0000304691076705 -0.0000679866802084 -0.0001009179059326 -0.0001182418660036 -0.0000587307040850  0.0001140172065786  0.0000020888016601  0.0000510475708027  0.0000142543512652 -0.0001407821762561  0.0002522961420577 -0.0000505140310268
 -0.0000074390798804  0.0000165990533870  0.0000246392632078  0.0000288689349201  0.0000143391924650 -0.0000278374777711 -0.0000005099841640 -0.0000124633435613 -0.0000034802219629  0.0000343721866173 -0.0000505140310268  0.0000577330087603



  0.0000846223037190  0.0000550049709498 -0.0000339159828262 -0.0000231441003852  0.0000224771872347  0.0001001545508419 -0.0001352596753210  0.0000275861346012 -0.0000496383784836 -0.0000273860395263  0.0000058934821719 -0.0000918536297245
  0.0000550049709498  0.0001225382190597 -0.0000475633538182 -0.0000324569994349  0.0000315217287012  0.0001404555003644 -0.0001896864916934  0.0000386864531462 -0.0000696122465588 -0.0000384058422940  0.0000082649463292 -0.0001288143915059
 -0.0000339159828262 -0.0000475633538182  0.0000747274225945  0.0000200129373112 -0.0000194362507755 -0.0000866046514696  0.0001169604070967 -0.0000238540091533  0.0000429228071211  0.0000236809849215 -0.0000050961535461  0.0000794267611570
 -0.0000231441003852 -0.0000324569994349  0.0000200129373112  0.0000590566600571 -0.0000132632022302 -0.0000590985895266  0.0000798132083275 -0.0000162778588862  0.0000292903131221  0.0000161597879988 -0.0000034775901926  0.0000542004323716
  0.0000224771872347  0.0000315217287012 -0.0000194362507755 -0.0000132632022302  0.0000582809437098  0.0000573956230740 -0.0000775133359051  0.0000158088012010 -0.0000284462926297 -0.0000156941326073  0.0000033773810425 -0.0000526386096820
  0.0001001545508419  0.0001404555003644 -0.0000866046514696 -0.0000590985895266  0.0000573956230740  0.0003011451344119 -0.0003453863359675  0.0000704413486931 -0.0001267518765451 -0.0000699304048024  0.0000150490396239 -0.0002345487562394
 -0.0001352596753210 -0.0001896864916934  0.0001169604070967  0.0000798132083275 -0.0000775133359051 -0.0003453863359675  0.0005118474677979 -0.0000951317126711  0.0001711796171387  0.0000944416780778 -0.0000203238714199  0.0003167603304012
  0.0000275861346012  0.0000386864531462 -0.0000238540091533 -0.0000162778588862  0.0000158088012010  0.0000704413486931 -0.0000951317126711  0.0000648019889820 -0.0000349119865042 -0.0000192613270528  0.0000041450421293 -0.0000646030909805
