
  0.0257260024880047 -0.0736648514337832 -0.0299071973290843  0.0079157737039807  0.1896948042448205 -0.0598382527793324  0.0190769236813852  0.0538526845235814 -0.1898658699663307 -0.0370733086082359  0.1793476571989397 -0.0041893714621903
 -0.0736648514337832  0.2122377933532268  0.1284557307576810 -0.0246969150700484 -0.5648049556799682  0.1674907588370657 -0.0891570300480736 -0.1551954308033889  0.5474187063080621  0.0919243321772441 -0.5227586339885503  0.0286208026943373
 -0.0299071973290843  0.1284557307576810  2.0927350560958655 -0.1052221997739721 -1.2176094983648342 -0.1307307309683752 -1.6830384465350217 -0.0973896298136247  0.3555881160637061 -0.6523389442294352 -0.6091603545167155  0.8056838333544035
  0.0079157737039807 -0.0246969150700484 -0.1052221997739721  0.0069641310220188  0.1049693565103461 -0.0090946091635358  0.0833611817609420  0.0182171245990124 -0.0647976329057875  0.0210197686625611  0.0739566533656116 -0.0386506101072594
  0.1896948042448205 -0.5648049556799682 -1.2176094983648342  0.1049693565103461  1.8839973550276363 -0.3449378330283256  0.9453098665403893  0.4145871169848919 -1.4676117875404437  0.0630125817282631  1.5186636734790266 -0.4188036367904406
 -0.0598382527793324  0.1674907588370657 -0.1307307309683752 -0.0090946091635358 -0.3449378330283256  0.1589931194031772  0.1172982731954025 -0.1221049846043210  0.4293090786529431  0.1541212387760189 -0.3789119685539249 -0.0682296715455102
  0.0190769236813852 -0.0891570300480736 -1.6830384465350217  0.0833611817609420  0.9453098665403893  0.1172982731954025  1.3546037010731020  0.0679884941543837 -0.2495710473562954  0.5337831328844064  0.4562921730439154 -0.6494117257953697
  0.0538526845235814 -0.1551954308033889 -0.0973896298136247  0.0182171245990124  0.4145871169848919 -0.1221049846043210  0.0679884941543837  0.1135596799512601 -0.4004179490490695 -0.0660244074000737  0.3828399976584583 -0.0222782668258719
 -0.1898658699663307  0.5474187063080621  0.3555881160637061 -0.0647976329057875 -1.4676117875404437  0.4293090786529431 -0.2495710473562954 -0.4004179490490695  1.4125790234496307  0.2286469774838953 -1.3521391562286000  0.0833031512164854
 -0.0370733086082359  0.0919243321772441 -0.6523389442294352  0.0210197686625611  0.0630125817282631  0.1541212387760189  0.5337831328844064 -0.0660244074000737  0.2286469774838953  0.2886347804284545 -0.1236204051580052 -0.2646074903927195
  0.1793476571989397 -0.5227586339885503 -0.6091603545167155  0.0739566533656116  1.5186636734790266 -0.3789119685539249  0.4562921730439154  0.3828399976584583 -1.3521391562286000 -0.1236204051580052  1.3304352972566102 -0.1850302745140949
 -0.0041893714621903  0.0286208026943373  0.8056838333544035 -0.0386506101072594 -0.4188036367904406 -0.0682296715455102 -0.6494117257953697 -0.0222782668258719  0.0833031512164854 -0.2646074903927195 -0.1850302745140949  0.3123576619063919



  0.0000453999297625  0.0000000000000000  0.0000000000000000  0.0000000000000000  0.0000000000000000  0.0000000000000000  0.0000000000000000  0.0000000000000000  0.0000000000000000  0.0000000000000000  0.0000000000000000  0.0000000000000000
  0.0000000000000000  0.0000453999297625  0.0000000000000000  0.0000000000000000  0.0000000000000000  0.0000000000000000  0.0000000000000000  0.0000000000000000  0.0000000000000000  0.0000000000000000  0.0000000000000000  0.0000000000000000
  0.0000000000000000  0.0000000000000000  0.0000453999297625  0.0000000000000000  0.0000000000000000  0.0000000000000000  0.0000000000000000  0.0000000000000000  0.0000000000000000  0.0000000000000000  0.0000000000000000  0.0000000000000000
  0.0000000000000000  0.0000000000000000  0.0000000000000000  0.0000453999297625  0.0000000000000000  0.0000000000000000  0.0000000000000000  0.0000000000000000  0.0000000000000000  0.0000000000000000  0.0000000000000000  0.0000000000000000
  0.0000000000000000  0.0000000000000000  0.0000000000000000  0.0000000000000000  0.0000453999297625  0.0000000000000000  0.0000000000000000  0.0000000000000000  0.0000000000000000  0.0000000000000000  0.0000000000000000  0.0000000000000000
  0.0000000000000000  0.0000000000000000  0.0000000000000000  0.0000000000000000  0.0000000000000000  0.0000453999297625  0.0000000000000000  0.0000000000000000  0.0000000000000000  0.0000000000000000  0.0000000000000000  0.0000000000000000
  0.0000000000000000  0.0000000000000000  0.0000000000000000  0.0000000000000000  0.0000000000000000  0.0000000000000000  0.0000453999297625  0.0000000000000000  0.0000000000000000  0.0000000000000000  0.0000000000000000  0.0000000000000000
  0.0000000000000000  0.0000000000000000  0.0000000000000000  0.0000000000000000  0.0000000000000000  0.0000000000000000  0.0000000000000000  0.0000453999297625  0.0000000000000000  0.0000000000000000  0.0000000000000000  0.0000000000000000
  0.0000000000000000  0.0000000000000000  0.0000000000000000  0.0000000000000000  0.0000000000000000  0.0000000000000000  0.0000000000000000  0.0000000000000000  0.0000453999297625  0.0000000000000000  0.0000000000000000  0.0000000000000000
  0.0000000000000000  0.0000000000000000  0.0000000000000000  0.0000000000000000  0.0000000000000000  0.0000000000000000  0.0000000000000000  0.0000000000000000  0.0000000000000000  0.0000453999297625  0.0000000000000000  0.0000000000000000
  0.0000000000000000  0.0000000000000000  0.0000000000000000  0.0000000000000000  0.0000000000000000  0.0000000000000000  0.0000000000000000  0.0000000000000000  0.0000000000000000  0.0000000000000000  0.0000453999297625  0.0000000000000000
  0.0000000000000000  0.0000000000000000  0.0000000000000000  0.0000000000000000  0.0000000000000000  0.0000000000000000  0.0000000000000000  0.0000000000000000  0.0000000000000000  0.0000000000000000  0.0000000000000000  0.0000453999297625



  0.0000453999297625  0.0000000000000000  0.0000000000000000  0.0000000000000000  0.0000000000000000  0.0000000000000000  0.0000000000000000  0.0000000000000000  0.0000000000000000  0.0000000000000000  0.0000000000000000  0.0000000000000000
  0.0000000000000000  0.0000453999297625  0.0000000000000000  0.0000000000000000  0.0000000000000000  0.0000000000000000  0.0000000000000000  0.0000000000000000  0.0000000000000000  0.0000000000000000  0.0000000000000000  0.0000000000000000
  0.0000000000000000  0.0000000000000000  0.0000453999297625  0.0000000000000000  0.0000000000000000  0.0000000000000000  0.0000000000000000  0.0000000000000000  0.0000000000000000  0.0000000000000000  0.0000000000000000  0.0000000000000000
  0.0000000000000000  0.0000000000000000  0.0000000000000000  0.0000453999297625  0.0000000000000000  0.0000000000000000  0.0000000000000000  0.0000000000000000  0.0000000000000000  0.0000000000000000  0.0000000000000000  0.0000000000000000
  0.0000000000000000  0.0000000000000000  0.0000000000000000  0.0000000000000000  0.0000453999297625  0.0000000000000000  0.0000000000000000  0.0000000000000000  0.0000000000000000  0.0000000000000000  0.0000000000000000  0.0000000000000000
  0.0000000000000000  0.0000000000000000  0.0000000000000000  0.0000000000000000  0.0000000000000000  0.0000453999297625  0.0000000000000000  0.0000000000000000  0.0000000000000000  0.0000000000000000  0.0000000000000000  0.0000000000000000
  0.0000000000000000  0.0000000000000000  0.0000000000000000  0.0000000000000000  0.0000000000000000  0.0000000000000000  0.0000453999297625  0.0000000000000000  0.0000000000000000  0.0000000000000000  0.0000000000000000  0.0000000000000000
  0.0000000000000000  0.0000000000000000  0.0000000000000000  0.0000000000000000  0.0000000000000000  0.0000000000000000  0.0000000000000000  0.0000453999297625  0.0000000000000000  0.0000000000000000  0.0000000000000000  0.0000000000000000
  0.0000000000000000  0.0000000000000000  0.0000000000000000  0.0000000000000000  0.0000000000000000  0.0000000000000000  0.0000000000000000  0.0000000000000000  0.0000453999297625  0.0000000000000000  0.0000000000000000  0.0000000000000000
  0.0000000000000000  0.0000000000000000  0.0000000000000000  0.0000000000000000  0.0000000000000000  0.0000000000000000  0.0000000000000000  0.0000000000000000  0.0000000000000000  0.0000453999297625  0.0000000000000000  0.0000000000000000
  0.0000000000000000  0.0000000000000000  0.0000000000000000  0.0000000000000000  0.0000000000000000  0.0000000000000000  0.0000000000000000  0.0000000000000000  0.0000000000000000  0.0000000000000000  0.0000453999297625  0.0000000000000000
  0.0000000000000000  0.0000000000000000  0.0000000000000000  0.0000000000000000  0.0000000000000000  0.0000000000000000  0.0000000000000000  0.0000000000000000  0.0000000000000000  0.0000000000000000  0.0000000000000000  0.0000453999297625



  0.0000453999297625  0.0000000000000000  0.0000000000000000  0.0000000000000000  0.0000000000000000  0.0000000000000000  0.0000000000000000  0.0000000000000000  0.0000000000000000  0.0000000000000000  0.0000000000000000  0.0000000000000000
  0.0000000000000000  0.0000453999297625  0.0000000000000000  0.0000000000000000  0.0000000000000000  0.0000000000000000  0.0000000000000000  0.0000000000000000  0.0000000000000000  0.0000000000000000  0.0000000000000000  0.0000000000000000
  0.0000000000000000  0.0000000000000000  0.0000453999297625  0.0000000000000000  0.0000000000000000  0.0000000000000000  0.0000000000000000  0.0000000000000000  0.0000000000000000  0.0000000000000000  0.0000000000000000  0.0000000000000000
  0.0000000000000000  0.0000000000000000  0.0000000000000000  0.0000453999297625  0.0000000000000000  0.0000000000000000  0.0000000000000000  0.0000000000000000  0.0000000000000000  0.0000000000000000  0.0000000000000000  0.0000000000000000
  0.0000000000000000  0.0000000000000000  0.0000000000000000  0.0000000000000000  0.0000453999297625  0.0000000000000000  0.0000000000000000  0.0000000000000000  0.0000000000000000  0.0000000000000000  0.0000000000000000  0.0000000000000000
  0.0000000000000000  0.0000000000000000  0.0000000000000000  0.0000000000000000  0.0000000000000000  0.0000453999297625  0.0000000000000000  0.0000000000000000  0.0000000000000000  0.0000000000000000  0.0000000000000000  0.0000000000000000
  0.0000000000000000  0.0000000000000000  0.0000000000000000  0.0000000000000000  0.0000000000000000  0.0000000000000000  0.0000453999297625  0.0000000000000000  0.0000000000000000  0.0000000000000000  0.0000000000000000  0.0000000000000000
  0.0000000000000000  0.0000000000000000  0.0000000000000000  0.0000000000000000  0.0000000000000000  0.0000000000000000  0.0000000000000000  0.0000453999297625  0.0000000000000000  0.0000000000000000  0.0000000000000000  0.0000000000000000
  0.0000000000000000  0.0000000000000000  0.0000000000000000  0.0000000000000000  0.0000000000000000  0.0000000000000000  0.0000000000000000  0.0000000000000000  0.0000453999297625  0.0000000000000000  0.0000000000000000  0.0000000000000000
  0.0000000000000000  0.0000000000000000  0.0000000000000000  0.0000000000000000  0.0000000000000000  0.0000000000000000  0.0000000000000000  0.0000000000000000  0.0000000000000000  0.0000453999297625  0.0000000000000000  0.0000000000000000
  0.0000000000000000  0.0000000000000000  0.0000000000000000  0.0000000000000000  0.0000000000000000  0.0000000000000000  0.0000000000000000  0.0000000000000000  0.0000000000000000  0.0000000000000000  0.0000453999297625  0.0000000000000000
  0.0000000000000000  0.0000000000000000  0.0000000000000000  0.0000000000000000  0.0000000000000000  0.0000000000000000  0.0000000000000000  0.0000000000000000  0.0000000000000000  0.0000000000000000  0.0000000000000000  0.0000453999297625



  0.0000453999297625  0.0000000000000000  0.0000000000000000  0.0000000000000000  0.0000000000000000  0.0000000000000000  0.0000000000000000  0.0000000000000000  0.0000000000000000  0.0000000000000000  0.0000000000000000  0.0000000000000000
  0.0000000000000000  0.0000453999297625  0.0000000000000000  0.0000000000000000  0.0000000000000000  0.0000000000000000  0.0000000000000000  0.0000000000000000  0.0000000000000000  0.0000000000000000  0.0000000000000000  0.0000000000000000
  0.0000000000000000  0.0000000000000000  0.0000453999297625  0.0000000000000000  0.0000000000000000  0.0000000000000000  0.0000000000000000  0.0000000000000000  0.0000000000000000  0.0000000000000000  0.0000000000000000  0.0000000000000000
  0.0000000000000000  0.0000000000000000  0.0000000000000000  0.0000453999297625  0.0000000000000000  0.0000000000000000  0.0000000000000000  0.0000000000000000  0.0000000000000000  0.0000000000000000  0.0000000000000000  0.0000000000000000
  0.0000000000000000  0.0000000000000000  0.0000000000000000  0.0000000000000000  0.0000453999297625  0.0000000000000000  0.0000000000000000  0.0000000000000000  0.0000000000000000  0.0000000000000000  0.0000000000000000  0.0000000000000000
  0.0000000000000000  0.0000000000000000  0.0000000000000000  0.0000000000000000  0.0000000000000000  0.0000453999297625  0.0000000000000000  0.0000000000000000  0.0000000000000000  0.0000000000000000  0.0000000000000000  0.0000000000000000
  0.0000000000000000  0.0000000000000000  0.0000000000000000  0.0000000000000000  0.0000000000000000  0.0000000000000000  0.0000453999297625  0.0000000000000000  0.0000000000000000  0.0000000000000000  0.0000000000000000  0.0000000000000000
  0.0000000000000000  0.0000000000000000  0.0000000000000000  0.0000000000000000  0.0000000000000000  0.0000000000000000  0.0000000000000000  0.0000453999297625  0.0000000000000000  0.0000000000000000  0.0000000000000000  0.0000000000000000
  0.0000000000000000  0.0000000000000000  0.0000000000000000  0.0000000000000000  0.0000000000000000  0.0000000000000000  0.0000000000000000  0.0000000000000000  0.0000453999297625  0.0000000000000000  0.0000000000000000  0.0000000000000000
  0.0000000000000000  0.0000000000000000  0.0000000000000000  0.0000000000000000  0.0000000000000000  0.0000000000000000  0.0000000000000000  0.0000000000000000  0.0000000000000000  0.0000453999297625  0.0000000000000000  0.0000000000000000
  0.0000000000000000  0.0000000000000000  0.0000000000000000  0.0000000000000000  0.0000000000000000  0.0000000000000000  0.0000000000000000  0.0000000000000000  0.0000000000000000  0.0000000000000000  0.0000453999297625  0.0000000000000000
  0.0000000000000000  0.0000000000000000  0.0000000000000000  0.0000000000000000  0.0000000000000000  0.0000000000000000  0.0000000000000000  0.0000000000000000  0.0000000000000000  0.0000000000000000  0.0000000000000000  0.0000453999297625



  0.0001245686273607  0.0000169636078515 -0.0000513053395047 -0.0000162828273955  0.0000458673422006  0.0000162304580562  0.0000726726138243  0.0000002020036783 -0.0000369143979379  0.0000324750978121  0.0000541555539213 -0.0000015614748112
  0.0000169636078515  0.0000490347500901 -0.0000109932800014 -0.0000034889483727  0.0000098280713196  0.0000034777271077  0.0000155716812308  0.0000000432836625 -0.0000079097091362  0.0000069584929516  0.0000116040001613 -0.0000003345797919
 -0.0000513053395047 -0.0000109932800014  0.0000786483971687  0.0000105520996678 -0.0000297243687868 -0.0000105181616744 -0.0000470955470793 -0.0000001309086497  0.0000239224059037 -0.0000210455138109 -0.0000350955512000  0.0000010119150339
 -0.0000162828273955 -0.0000034889483727  0.0000105520996678  0.0000487488602873 -0.0000094336529310 -0.0000033381595895 -0.0000149467613234 -0.0000000415466103  0.0000075922781133 -0.0000066792359653 -0.0000111383105162  0.0000003211524959
  0.0000458673422006  0.0000098280713196 -0.0000297243687868 -0.0000094336529310  0.0000719737290590  0.0000094033121211  0.0000421037575205  0.0000001170332735 -0.0000213868027858  0.0000188148405814  0.0000313756749716 -0.0000009046593120
  0.0000162304580562  0.0000034777271077 -0.0000105181616744 -0.0000033381595895  0.0000094033121211  0.0000487273530586  0.0000148986890816  0.0000000414129868 -0.0000075678595907  0.0000066577539975  0.0000111024871331 -0.0000003201195952
  0.0000726726138243  0.0000155716812308 -0.0000470955470793 -0.0000149467613234  0.0000421037575205  0.0000148986890816  0.0001121094874573  0.0000001854285311 -0.0000338854353713  0.0000298103962021  0.0000497118908856 -0.0000014333500410
  0.0000002020036783  0.0000000432836625 -0.0000001309086497 -0.0000000415466103  0.0000001170332735  0.0000000414129868  0.0000001854285311  0.0000454004451870 -0.0000000941892995  0.0000000828621590  0.0000001381811426 -0.0000000039841966
 -0.0000369143979379 -0.0000079097091362  0.0000239224059037  0.0000075922781133 -0.0000213868027858 -0.0000075678595907 -0.0000338854353713 -0.0000000941892995  0.0000626121969395 -0.0000151423317558 -0.0000252513901156  0.0000007280769332
  0.0000324750978121  0.0000069584929516 -0.0000210455138109 -0.0000066792359653  0.0000188148405814  0.0000066577539975  0.0000298103962021  0.0000000828621590 -0.0000151423317558  0.0000587212551082  0.0000222146752949 -0.0000006405189016
  0.0000541555539213  0.0000116040001613 -0.0000350955512000 -0.0000111383105162  0.0000313756749716  0.0000111024871331  0.0000497118908856  0.0000001381811426 -0.0000252513901156  0.0000222146752949  0.0000824451775623 -0.0000010681309141
 -0.0000015614748112 -0.0000003345797919  0.0000010119150339  0.0000003211524959 -0.0000009046593120 -0.0000003201195952 -0.0000014333500410 -0.0000000039841966  0.0000007280769332 -0.0000006405189016 -0.0000010681309141  0.0000454307273335



  0.0000761552253209  0.0000274259492799 -0.0000104503095345  0.0000111269305174 -0.0000200465031109 -0.0000091982756046  0.0000325993514467  0.0000159393850908  0.0000402831338449  0.0000167848283701 -0.0000139356688576  0.0000250783084039
  0.0000274259492799  0.0000698569437578 -0.0000093190344638  0.0000099224093435 -0.0000178764133973 -0.0000082025366889  0.0000290703809896  0.0000142139023253  0.0000359223725737  0.0000149678240183 -0.0000124270939469  0.0000223635117732
 -0.0000104503095345 -0.0000093190344638  0.0000489508294493 -0.0000037808080190  0.0000068115802105  0.0000031254723945 -0.0000110768993455 -0.0000054160268976 -0.0000136877636861 -0.0000057032991804  0.0000047351862659 -0.0000085213320394
  0.0000111269305174  0.0000099224093435 -0.0000037808080190  0.0000494255318739 -0.0000072526061994 -0.0000033278357978  0.0000117940898265  0.0000057666956917  0.0000145739984993  0.0000060725678498 -0.0000050417730110  0.0000090730584778
 -0.0000200465031109 -0.0000178764133973  0.0000068115802105 -0.0000072526061994  0.0000584663718069  0.0000059954962934 -0.0000212484708185 -0.0000103893956149 -0.0000262568105191 -0.0000109404610824  0.0000090833602485 -0.0000163462056958
 -0.0000091982756046 -0.0000082025366889  0.0000031254723945 -0.0000033278357978  0.0000059954962934  0.0000481509445898 -0.0000097497947490 -0.0000047671418652 -0.0000120478558439 -0.0000050199965411  0.0000041678715993 -0.0000075004056443
  0.0000325993514467  0.0000290703809896 -0.0000110768993455  0.0000117940898265 -0.0000212484708185 -0.0000097497947490  0.0000799539047917  0.0000168950942264  0.0000426984691169  0.0000177912294150 -0.0000147712372287  0.0000265819779814
  0.0000159393850908  0.0000142139023253 -0.0000054160268976  0.0000057666956917 -0.0000103893956149 -0.0000047671418652  0.0000168950942264  0.0000536607509466  0.0000208773276719  0.0000086989846209 -0.0000072223657223  0.0000129972028497
  0.0000402831338449  0.0000359223725737 -0.0000136877636861  0.0000145739984993 -0.0000262568105191 -0.0000120478558439  0.0000426984691169  0.0000208773276719  0.0000981625790201  0.0000219846850930 -0.0000182528700706  0.0000328474441781
  0.0000167848283701  0.0000149678240183 -0.0000057032991804  0.0000060725678498 -0.0000109404610824 -0.0000050199965411  0.0000177912294150  0.0000086989846209  0.0000219846850930  0.0000545603185117 -0.0000076054482895  0.0000136865894061
 -0.0000139356688576 -0.0000124270939469  0.0000047351862659 -0.0000050417730110  0.0000090833602485  0.0000041678715993 -0.0000147712372287 -0.0000072223657223 -0.0000182528700706 -0.0000076054482895  0.0000517143827041 -0.0000113633439406
  0.0000250783084039  0.0000223635117732 -0.0000085213320394  0.0000090730584778 -0.0000163462056958 -0.0000075004056443  0.0000265819779814  0.0000129972028497  0.0000328474441781  0.0000136865894061 -0.0000113633439406  0.0000658491415480



  0.0000453999297625  0.0000000000000000  0.0000000000000000  0.0000000000000000  0.0000000000000000  0.0000000000000000  0.0000000000000000  0.0000000000000000  0.0000000000000000  0.0000000000000000  0.0000000000000000  0.0000000000000000
  0.0000000000000000  0.0000453999297625  0.0000000000000000  0.0000000000000000  0.0000000000000000  0.0000000000000000  0.0000000000000000  0.0000000000000000  0.0000000000000000  0.0000000000000000  0.0000000000000000  0.0000000000000000
  0.0000000000000000  0.0000000000000000  0.0000453999297625  0.0000000000000000  0.0000000000000000  0.0000000000000000  0.0000000000000000  0.0000000000000000  0.0000000000000000  0.0000000000000000  0.0000000000000000  0.0000000000000000
  0.0000000000000000  0.0000000000000000  0.0000000000000000  0.0000453999297625  0.0000000000000000  0.0000000000000000  0.0000000000000000  0.0000000000000000  0.0000000000000000  0.0000000000000000  0.0000000000000000  0.0000000000000000
  0.0000000000000000  0.0000000000000000  0.0000000000000000  0.0000000000000000  0.0000453999297625  0.0000000000000000  0.0000000000000000  0.0000000000000000  0.0000000000000000  0.0000000000000000  0.0000000000000000  0.0000000000000000
  0.0000000000000000  0.0000000000000000  0.0000000000000000  0.0000000000000000  0.0000000000000000  0.0000453999297625  0.0000000000000000  0.0000000000000000  0.0000000000000000  0.0000000000000000  0.0000000000000000  0.0000000000000000
  0.0000000000000000  0.0000000000000000  0.0000000000000000  0.0000000000000000  0.0000000000000000  0.0000000000000000  0.0000453999297625  0.0000000000000000  0.0000000000000000  0.0000000000000000  0.0000000000000000  0.0000000000000000
  0.0000000000000000  0.0000000000000000  0.0000000000000000  0.0000000000000000  0.0000000000000000  0.0000000000000000  0.0000000000000000  0.0000453999297625  0.0000000000000000  0.0000000000000000  0.0000000000000000  0.0000000000000000
  0.0000000000000000  0.0000000000000000  0.0000000000000000  0.0000000000000000  0.0000000000000000  0.0000000000000000  0.0000000000000000  0.0000000000000000  0.0000453999297625  0.0000000000000000  0.0000000000000000  0.0000000000000000
  0.0000000000000000  0.0000000000000000  0.0000000000000000  0.0000000000000000  0.0000000000000000  0.0000000000000000  0.0000000000000000  0.0000000000000000  0.0000000000000000  0.0000453999297625  0.0000000000000000  0.0000000000000000
  0.0000000000000000  0.0000000000000000  0.0000000000000000  0.0000000000000000  0.0000000000000000  0.0000000000000000  0.0000000000000000  0.0000000000000000  0.0000000000000000  0.0000000000000000  0.0000453999297625  0.0000000000000000
  0.0000000000000000  0.0000000000000000  0.0000000000000000  0.0000000000000000  0.0000000000000000  0.0000000000000000  0.0000000000000000  0.0000000000000000  0.0000000000000000  0.0000000000000000  0.0000000000000000  0.0000453999297625



  0.5228387446458599 -0.0109239767642207 -0.3266753388945021 -0.1291546035485364  0.1907819249364507 -0.4213362291855956  0.1421062612179010  0.5598832618666094  0.4731280530985834 -0.0900803826829866 -0.0242942991108845 -0.0534896581941073
 -0.0109239767642207  0.1042446165704699  0.0474422598585455  0.2109157257455394  0.1728745934045852 -0.1817860095740447  0.0801026702795502  0.2968008512882005  0.1219426708514307  0.1685434779695900  0.2011234096986237  0.0428563073940447
 -0.3266753388945021  0.0474422598585455  0.2200401674819937  0.1620441643319136 -0.0501222134288814  0.1888243517377287 -0.0563451631089647 -0.2293360930467389 -0.2441422884398285  0.1213942838974524  0.0935511996981195  0.0497290122241046
 -0.1291546035485364  0.2109157257455394  0.1620441643319136  0.4489375373030307  0.3070579096383108 -0.2775943338244546  0.1312569129439555  0.4794983118072801  0.1471215900903926  0.3560174638587836  0.4077641518390641  0.0968021349818991
  0.1907819249364507  0.1728745934045852 -0.0501222134288814  0.3070579096383108  0.3705187178535016 -0.4779628188183375  0.1931692519454906  0.7290944716867975  0.3969067742688954  0.2506282281298549  0.3323942257388135  0.0514801126645231
 -0.4213362291855956 -0.1817860095740447  0.1888243517377287 -0.2775943338244546 -0.4779628188183375  0.6889860963708370 -0.2668080995632965 -1.0167417475038938 -0.6229659195409350 -0.2329092935596828 -0.3481708233937595 -0.0334023386793073
  0.1421062612179010  0.0801026702795502 -0.0563451631089647  0.1312569129439555  0.1931692519454906 -0.2668080995632965  0.1050468341224735  0.3986772098131034  0.2339364964558739  0.1086753479400451  0.1536868383008595  0.0188092357801002
  0.5598832618666094  0.2968008512882005 -0.2293360930467389  0.4794983118072801  0.7290944716867975 -1.0167417475038938  0.3986772098131034  1.5150224052651440  0.8978535313818043  0.3980414926814919  0.5692438692078665  0.0665611973084999
  0.4731280530985834  0.1219426708514307 -0.2441422884398285  0.1471215900903926  0.3969067742688954 -0.6229659195409350  0.2339364964558739  0.8978535313818043  0.5953773779235918  0.1297935586659998  0.2323822970852411  0.0045138919554726
 -0.0900803826829866  0.1685434779695900  0.1213942838974524  0.3560174638587836  0.2506282281298549 -0.2329092935596828  0.1086753479400451  0.3980414926814919  0.1297935586659998  0.2827179253460661  0.3257649706202574  0.0761218933263387
 -0.0242942991108845  0.2011234096986237  0.0935511996981195  0.4077641518390641  0.3323942257388135 -0.3481708233937595  0.1536868383008595  0.5692438692078665  0.2323822970852411  0.3257649706202574  0.3882698461008277  0.0830218705884162
 -0.0534896581941073  0.0428563073940447  0.0497290122241046  0.0968021349818991  0.0514801126645231 -0.0334023386793073  0.0188092357801002  0.0665611973084999  0.0045138919554726  0.0761218933263387  0.0830218705884162  0.0222739599733102



  0.0000453999297625  0.0000000000000000  0.0000000000000000  0.0000000000000000  0.0000000000000000  0.0000000000000000  0.0000000000000000  0.0000000000000000  0.0000000000000000  0.0000000000000000  0.0000000000000000  0.0000000000000000
  0.0000000000000000  0.0000453999297625  0.0000000000000000  0.0000000000000000  0.0000000000000000  0.0000000000000000  0.0000000000000000  0.0000000000000000  0.0000000000000000  0.0000000000000000  0.0000000000000000  0.0000000000000000
  0.0000000000000000  0.0000000000000000  0.0000453999297625  0.0000000000000000  0.0000000000000000  0.0000000000000000  0.0000000000000000  0.0000000000000000  0.0000000000000000  0.0000000000000000  0.0000000000000000  0.0000000000000000
  0.0000000000000000  0.0000000000000000  0.0000000000000000  0.0000453999297625  0.0000000000000000  0.0000000000000000  0.0000000000000000  0.0000000000000000  0.0000000000000000  0.0000000000000000  0.0000000000000000  0.0000000000000000
  0.0000000000000000  0.0000000000000000  0.0000000000000000  0.0000000000000000  0.0000453999297625  0.0000000000000000  0.0000000000000000  0.0000000000000000  0.0000000000000000  0.0000000000000000  0.0000000000000000  0.0000000000000000
  0.0000000000000000  0.0000000000000000  0.0000000000000000  0.0000000000000000  0.0000000000000000  0.0000453999297625  0.0000000000000000  0.0000000000000000  0.0000000000000000  0.0000000000000000  0.0000000000000000  0.0000000000000000
  0.0000000000000000  0.0000000000000000  0.0000000000000000  0.0000000000000000  0.0000000000000000  0.0000000000000000  0.0000453999297625  0.0000000000000000  0.0000000000000000  0.0000000000000000  0.0000000000000000  0.0000000000000000
  0.0000000000000000  0.0000000000000000  0.0000000000000000  0.0000000000000000  0.0000000000000000  0.0000000000000000  0.0000000000000000  0.0000453999297625  0.0000000000000000  0.0000000000000000  0.0000000000000000  0.0000000000000000
  0.0000000000000000  0.0000000000000000  0.0000000000000000  0.0000000000000000  0.0000000000000000  0.0000000000000000  0.0000000000000000  0.0000000000000000  0.0000453999297625  0.0000000000000000  0.0000000000000000  0.0000000000000000
  0.0000000000000000  0.0000000000000000  0.0000000000000000  0.0000000000000000  0.0000000000000000  0.0000000000000000  0.0000000000000000  0.0000000000000000  0.0000000000000000  0.0000453999297625  0.0000000000000000  0.0000000000000000
  0.0000000000000000  0.0000000000000000  0.0000000000000000  0.0000000000000000  0.0000000000000000  0.0000000000000000  0.0000000000000000  0.0000000000000000  0.0000000000000000  0.0000000000000000  0.0000453999297625  0.0000000000000000
  0.0000000000000000  0.0000000000000000  0.0000000000000000  0.0000000000000000  0.0000000000000000  0.0000000000000000  0.0000000000000000  0.0000000000000000  0.0000000000000000  0.0000000000000000  0.0000000000000000  0.0000453999297625



  0.0000621333242994 -0.0000111265038796 -0.0000182019250286  0.0000335123955749  0.0000162547710952 -0.0000088198773404 -0.0000068945547641  0.0000300315672625  0.0000506115351898 -0.0000243976139904 -0.0000377497029824  0.0000172118777585
 -0.0000111265038796  0.0000527982546098  0.0000121029710379 -0.0000222833328022 -0.0000108082537140  0.0000058645840943  0.0000045843830528 -0.0000199688323202 -0.0000336530308538  0.0000162226585955  0.0000251008374756 -0.0000114446608088
 -0.0000182019250286  0.0000121029710379  0.0000651992642022 -0.0000364534590061 -0.0000176812973710  0.0000095939138802  0.0000074996240987 -0.0000326671515812 -0.0000550532270710  0.0000265387599481  0.0000410626344836 -0.0000187224001605
  0.0000335123955749 -0.0000222833328022 -0.0000364534590061  0.0001125160582138  0.0000325538442137 -0.0000176637930637 -0.0000138079004866  0.0000601449849052  0.0001013610110124 -0.0000488617231445 -0.0000756022919551  0.0000344706661137
  0.0000162547710952 -0.0000108082537140 -0.0000176812973710  0.0000325538442137  0.0000611897674296 -0.0000085676033598 -0.0000066973505733  0.0000291725776504  0.0000491638990208 -0.0000236997717235 -0.0000366699523840  0.0000167195683139
 -0.0000088198773404  0.0000058645840943  0.0000095939138802 -0.0000176637930637 -0.0000085676033598  0.0000500487316614  0.0000036339983021 -0.0000158291098086 -0.0000266764481885  0.0000128595523352  0.0000198972031171 -0.0000090720774134
 -0.0000068945547641  0.0000045843830528  0.0000074996240987 -0.0000138079004866 -0.0000066973505733  0.0000036339983021  0.0000482406495752 -0.0000123737168025 -0.0000208531508830  0.0000100523946531  0.0000155537714699 -0.0000070917011810
  0.0000300315672625 -0.0000199688323202 -0.0000326671515812  0.0000601449849052  0.0000291725776504 -0.0000158291098086 -0.0000123737168025  0.0000992978421230  0.0000908329580086 -0.0000437866079105 -0.0000677497169959  0.0000308903052205
  0.0000506115351898 -0.0000336530308538 -0.0000550532270710  0.0001013610110124  0.0000491638990208 -0.0000266764481885 -0.0000208531508830  0.0000908329580086  0.0001984787021907 -0.0000737926005569 -0.0001141770975807  0.0000520587472516
 -0.0000243976139904  0.0000162226585955  0.0000265387599481 -0.0000488617231445 -0.0000236997717235  0.0000128595523352  0.0000100523946531 -0.0000437866079105 -0.0000737926005569  0.0000809721244605  0.0000550397995808 -0.0000250952518138
 -0.0000377497029824  0.0000251008374756  0.0000410626344836 -0.0000756022919551 -0.0000366699523840  0.0000198972031171  0.0000155537714699 -0.0000677497169959 -0.0001141770975807  0.0000550397995808  0.0001305613757629 -0.0000388291372513
  0.0000172118777585 -0.0000114446608088 -0.0000187224001605  0.0000344706661137  0.0000167195683139 -0.0000090720774134 -0.0000070917011810  0.0000308903052205  0.0000520587472516 -0.0000250952518138 -0.0000388291372513  0.0000631039727360



  0.0000453999297625  0.0000000000000000  0.0000000000000000  0.0000000000000000  0.0000000000000000  0.0000000000000000  0.0000000000000000  0.0000000000000000  0.0000000000000000  0.0000000000000000  0.0000000000000000  0.0000000000000000
  0.0000000000000000  0.0000453999297625  0.0000000000000000  0.0000000000000000  0.0000000000000000  0.0000000000000000  0.0000000000000000  0.0000000000000000  0.0000000000000000  0.0000000000000000  0.0000000000000000  0.0000000000000000
  0.0000000000000000  0.0000000000000000  0.0000453999297625  0.0000000000000000  0.0000000000000000  0.0000000000000000  0.0000000000000000  0.0000000000000000  0.0000000000000000  0.0000000000000000  0.0000000000000000  0.0000000000000000
  0.0000000000000000  0.0000000000000000  0.0000000000000000  0.0000453999297625  0.0000000000000000  0.0000000000000000  0.0000000000000000  0.0000000000000000  0.0000000000000000  0.0000000000000000  0.0000000000000000  0.0000000000000000
  0.0000000000000000  0.0000000000000000  0.0000000000000000  0.0000000000000000  0.0000453999297625  0.0000000000000000  0.0000000000000000  0.0000000000000000  0.0000000000000000  0.0000000000000000  0.0000000000000000  0.0000000000000000
  0.0000000000000000  0.0000000000000000  0.0000000000000000  0.0000000000000000  0.0000000000000000  0.0000453999297625  0.0000000000000000  0.0000000000000000  0.0000000000000000  0.0000000000000000  0.0000000000000000  0.0000000000000000
  0.0000000000000000  0.0000000000000000  0.0000000000000000  0.0000000000000000  0.0000000000000000  0.0000000000000000  0.0000453999297625  0.0000000000000000  0.0000000000000000  0.0000000000000000  0.0000000000000000  0.0000000000000000
  0.0000000000000000  0.0000000000000000  0.0000000000000000  0.0000000000000000  0.0000000000000000  0.0000000000000000  0.0000000000000000  0.0000453999297625  0.0000000000000000  0.0000000000000000  0.0000000000000000  0.0000000000000000
  0.0000000000000000  0.0000000000000000  0.0000000000000000  0.0000000000000000  0.0000000000000000  0.0000000000000000  0.0000000000000000  0.0000000000000000  0.0000453999297625  0.0000000000000000  0.0000000000000000  0.0000000000000000
  0.0000000000000000  0.0000000000000000  0.0000000000000000  0.0000000000000000  0.0000000000000000  0.0000000000000000  0.0000000000000000  0.0000000000000000  0.0000000000000000  0.0000453999297625  0.0000000000000000  0.0000000000000000
  0.0000000000000000  0.0000000000000000  0.0000000000000000  0.0000000000000000  0.0000000000000000  0.0000000000000000  0.0000000000000000  0.0000000000000000  0.0000000000000000  0.0000000000000000  0.0000453999297625  0.0000000000000000
  0.0000000000000000  0.0000000000000000  0.0000000000000000  0.0000000000000000  0.0000000000000000  0.0000000000000000  0.0000000000000000  0.0000000000000000  0.0000000000000000  0.0000000000000000  0.0000000000000000  0.0000453999297625



  0.0000453999297625  0.0000000000000000  0.0000000000000000  0.0000000000000000  0.0000000000000000  0.0000000000000000  0.0000000000000000  0.0000000000000000  0.0000000000000000  0.0000000000000000  0.0000000000000000  0.0000000000000000
  0.0000000000000000  0.0000453999297625  0.0000000000000000  0.0000000000000000  0.0000000000000000  0.0000000000000000  0.0000000000000000  0.0000000000000000  0.0000000000000000  0.0000000000000000  0.0000000000000000  0.0000000000000000
  0.0000000000000000  0.0000000000000000  0.0000453999297625  0.0000000000000000  0.0000000000000000  0.0000000000000000  0.0000000000000000  0.0000000000000000  0.0000000000000000  0.0000000000000000  0.0000000000000000  0.0000000000000000
  0.0000000000000000  0.0000000000000000  0.0000000000000000  0.0000453999297625  0.0000000000000000  0.0000000000000000  0.0000000000000000  0.0000000000000000  0.0000000000000000  0.0000000000000000  0.0000000000000000  0.0000000000000000
  0.0000000000000000  0.0000000000000000  0.0000000000000000  0.0000000000000000  0.0000453999297625  0.0000000000000000  0.0000000000000000  0.0000000000000000  0.0000000000000000  0.0000000000000000  0.0000000000000000  0.0000000000000000
  0.0000000000000000  0.0000000000000000  0.0000000000000000  0.0000000000000000  0.0000000000000000  0.0000453999297625  0.0000000000000000  0.0000000000000000  0.0000000000000000  0.0000000000000000  0.0000000000000000  0.0000000000000000
  0.0000000000000000  0.0000000000000000  0.0000000000000000  0.0000000000000000  0.0000000000000000  0.0000000000000000  0.0000453999297625  0.0000000000000000  0.0000000000000000  0.0000000000000000  0.0000000000000000  0.0000000000000000
  0.0000000000000000  0.0000000000000000  0.0000000000000000  0.0000000000000000  0.0000000000000000  0.0000000000000000  0.0000000000000000  0.0000453999297625  0.0000000000000000  0.0000000000000000  0.0000000000000000  0.0000000000000000
  0.0000000000000000  0.0000000000000000  0.0000000000000000  0.0000000000000000  0.0000000000000000  0.0000000000000000  0.0000000000000000  0.0000000000000000  0.0000453999297625  0.0000000000000000  0.0000000000000000  0.0000000000000000
  0.0000000000000000  0.0000000000000000  0.0000000000000000  0.0000000000000000  0.0000000000000000  0.0000000000000000  0.0000000000000000  0.0000000000000000  0.0000000000000000  0.0000453999297625  0.0000000000000000  0.0000000000000000
  0.0000000000000000  0.0000000000000000  0.0000000000000000  0.0000000000000000  0.0000000000000000  0.0000000000000000  0.0000000000000000  0.0000000000000000  0.0000000000000000  0.0000000000000000  0.0000453999297625  0.0000000000000000
  0.0000000000000000  0.0000000000000000  0.0000000000000000  0.0000000000000000  0.0000000000000000  0.0000000000000000  0.0000000000000000  0.0000000000000000  0.0000000000000000  0.0000000000000000  0.0000000000000000  0.0000453999297625



  0.0000453999297625  0.0000000000000000  0.0000000000000000  0.0000000000000000  0.0000000000000000  0.0000000000000000  0.0000000000000000  0.0000000000000000  0.0000000000000000  0.0000000000000000  0.0000000000000000  0.0000000000000000
  0.0000000000000000  0.0000453999297625  0.0000000000000000  0.0000000000000000  0.0000000000000000  0.0000000000000000  0.0000000000000000  0.0000000000000000  0.0000000000000000  0.0000000000000000  0.0000000000000000  0.0000000000000000
  0.0000000000000000  0.0000000000000000  0.0000453999297625  0.0000000000000000  0.0000000000000000  0.0000000000000000  0.0000000000000000  0.0000000000000000  0.0000000000000000  0.0000000000000000  0.0000000000000000  0.0000000000000000
  0.0000000000000000  0.0000000000000000  0.0000000000000000  0.0000453999297625  0.0000000000000000  0.0000000000000000  0.0000000000000000  0.0000000000000000  0.0000000000000000  0.0000000000000000  0.0000000000000000  0.0000000000000000
  0.0000000000000000  0.0000000000000000  0.0000000000000000  0.0000000000000000  0.0000453999297625  0.0000000000000000  0.0000000000000000  0.0000000000000000  0.0000000000000000  0.0000000000000000  0.0000000000000000  0.0000000000000000
  0.0000000000000000  0.0000000000000000  0.0000000000000000  0.0000000000000000  0.0000000000000000  0.0000453999297625  0.0000000000000000  0.0000000000000000  0.0000000000000000  0.0000000000000000  0.0000000000000000  0.0000000000000000
  0.0000000000000000  0.0000000000000000  0.0000000000000000  0.0000000000000000  0.0000000000000000  0.0000000000000000  0.0000453999297625  0.0000000000000000  0.0000000000000000  0.0000000000000000  0.0000000000000000  0.0000000000000000
  0.0000000000000000  0.0000000000000000  0.0000000000000000  0.0000000000000000  0.0000000000000000  0.0000000000000000  0.0000000000000000  0.0000453999297625  0.0000000000000000  0.0000000000000000  0.0000000000000000  0.0000000000000000
  0.0000000000000000  0.0000000000000000  0.0000000000000000  0.0000000000000000  0.0000000000000000  0.0000000000000000  0.0000000000000000  0.0000000000000000  0.0000453999297625  0.0000000000000000  0.0000000000000000  0.0000000000000000
