
  0.3014368126549143 -0.1083112365180565  0.4364955624493576  0.0716570758478104 -0.0327981153455289  0.4642323974225322  0.2297926466531969 -0.0725445479906973 -0.1868334891835030 -0.4230373443025869 -0.4088775008066629 -0.5487173758758696
 -0.1083112365180565  0.0389692880546078 -0.1568637095885872 -0.0257514551670005  0.0117866779639367 -0.1668315170400252 -0.0825807475206296  0.0260703852861119  0.0671424782213956  0.1520272180790806  0.1469385816679951  0.1971929333634729
  0.4364955624493576 -0.1568637095885872  0.6322079915474936  0.1037786573939721 -0.0475004618416352  0.6723329655852650  0.3328013595750373 -0.1050639542179721 -0.2705849787819158 -0.6126714824632215 -0.5921642309730266 -0.7946898587600291
  0.0716570758478104 -0.0257514551670005  0.1037786573939721  0.0170821728936872 -0.0077978881262262  0.1103732078430924  0.0546341727971136 -0.0172477724240788 -0.0444204480086176 -0.1005789079837625 -0.0972123434356236 -0.1304598623307323
 -0.0327981153455289  0.0117866779639367 -0.0475004618416352 -0.0077978881262262  0.0036145688396229 -0.0505188475968224 -0.0250065664890008  0.0078944656398925  0.0203316551182140  0.0460359085679135  0.0444950035057850  0.0597127038544412
  0.4642323974225322 -0.1668315170400252  0.6723329655852650  0.1103732078430924 -0.0505188475968224  0.7151013413655207  0.3539490148893388 -0.1117401775459809 -0.2877791306060395 -0.6516033052744021 -0.6297929320167729 -0.8451879233048492
  0.2297926466531969 -0.0825807475206296  0.3328013595750373  0.0546341727971136 -0.0250065664890008  0.3539490148893388  0.1752483480974382 -0.0553108144270595 -0.1424491884602562 -0.3225402819475343 -0.3117442556633302 -0.4183636682908317
 -0.0725445479906973  0.0260703852861119 -0.1050639542179721 -0.0172477724240788  0.0078944656398925 -0.1117401775459809 -0.0553108144270595  0.0175067853763201  0.0449705946910956  0.1018245765736356  0.0984163181179669  0.1320756069671414
 -0.1868334891835030  0.0671424782213956 -0.2705849787819158 -0.0444204480086176  0.0203316551182140 -0.2877791306060395 -0.1424491884602562  0.0449705946910956  0.1158640703249441  0.2622421866294907  0.2534644546042745  0.3401516351401875
 -0.4230373443025869  0.1520272180790806 -0.6126714824632215 -0.1005789079837625  0.0460359085679135 -0.6516033052744021 -0.3225402819475343  0.1018245765736356  0.2622421866294907  0.5938267325652452  0.5739063711856696  0.7701876416775848
 -0.4088775008066629  0.1469385816679951 -0.5921642309730266 -0.0972123434356236  0.0444950035057850 -0.6297929320167729 -0.3117442556633302  0.0984163181179669  0.2534644546042745  0.5739063711856696  0.5547420640865195  0.7444080363417737
 -0.5487173758758696  0.1971929333634729 -0.7946898587600291 -0.1304598623307323  0.0597127038544412 -0.8451879233048492 -0.4183636682908317  0.1320756069671414  0.3401516351401875  0.7701876416775848  0.7444080363417737  0.9990478471802707



  0.0000453999297625  0.0000000000000000  0.0000000000000000  0.0000000000000000  0.0000000000000000  0.0000000000000000  0.0000000000000000  0.0000000000000000  0.0000000000000000  0.0000000000000000  0.0000000000000000  0.0000000000000000
  0.0000000000000000  0.0000453999297625  0.0000000000000000  0.0000000000000000  0.0000000000000000  0.0000000000000000  0.0000000000000000  0.0000000000000000  0.0000000000000000  0.0000000000000000  0.0000000000000000  0.0000000000000000
  0.0000000000000000  0.0000000000000000  0.0000453999297625  0.0000000000000000  0.0000000000000000  0.0000000000000000  0.0000000000000000  0.0000000000000000  0.0000000000000000  0.0000000000000000  0.0000000000000000  0.0000000000000000
  0.0000000000000000  0.0000000000000000  0.0000000000000000  0.0000453999297625  0.0000000000000000  0.0000000000000000  0.0000000000000000  0.0000000000000000  0.0000000000000000  0.0000000000000000  0.0000000000000000  0.0000000000000000
  0.0000000000000000  0.0000000000000000  0.0000000000000000  0.0000000000000000  0.0000453999297625  0.0000000000000000  0.0000000000000000  0.0000000000000000  0.0000000000000000  0.0000000000000000  0.0000000000000000  0.0000000000000000
  0.0000000000000000  0.0000000000000000  0.0000000000000000  0.0000000000000000  0.0000000000000000  0.0000453999297625  0.0000000000000000  0.0000000000000000  0.0000000000000000  0.0000000000000000  0.0000000000000000  0.0000000000000000
  0.0000000000000000  0.0000000000000000  0.0000000000000000  0.0000000000000000  0.0000000000000000  0.0000000000000000  0.0000453999297625  0.0000000000000000  0.0000000000000000  0.0000000000000000  0.0000000000000000  0.0000000000000000
  0.0000000000000000  0.0000000000000000  0.0000000000000000  0.0000000000000000  0.0000000000000000  0.0000000000000000  0.0000000000000000  0.0000453999297625  0.0000000000000000  0.0000000000000000  0.0000000000000000  0.0000000000000000
  0.0000000000000000  0.0000000000000000  0.0000000000000000  0.0000000000000000  0.0000000000000000  0.0000000000000000  0.0000000000000000  0.0000000000000000  0.0000453999297625  0.0000000000000000  0.0000000000000000  0.0000000000000000
  0.0000000000000000  0.0000000000000000  0.0000000000000000  0.0000000000000000  0.0000000000000000  0.0000000000000000  0.0000000000000000  0.0000000000000000  0.0000000000000000  0.0000453999297625  0.0000000000000000  0.0000000000000000
  0.0000000000000000  0.0000000000000000  0.0000000000000000  0.0000000000000000  0.0000000000000000  0.0000000000000000  0.0000000000000000  0.0000000000000000  0.0000000000000000  0.0000000000000000  0.0000453999297625  0.0000000000000000
  0.0000000000000000  0.0000000000000000  0.0000000000000000  0.0000000000000000  0.0000000000000000  0.0000000000000000  0.0000000000000000  0.0000000000000000  0.0000000000000000  0.0000000000000000  0.0000000000000000  0.0000453999297625



  0.0000453999297625  0.0000000000000000  0.0000000000000000  0.0000000000000000  0.0000000000000000  0.0000000000000000  0.0000000000000000  0.0000000000000000  0.0000000000000000  0.0000000000000000  0.0000000000000000  0.0000000000000000
  0.0000000000000000  0.0000453999297625  0.0000000000000000  0.0000000000000000  0.0000000000000000  0.0000000000000000  0.0000000000000000  0.0000000000000000  0.0000000000000000  0.0000000000000000  0.0000000000000000  0.0000000000000000
  0.0000000000000000  0.0000000000000000  0.0000453999297625  0.0000000000000000  0.0000000000000000  0.0000000000000000  0.0000000000000000  0.0000000000000000  0.0000000000000000  0.0000000000000000  0.0000000000000000  0.0000000000000000
  0.0000000000000000  0.0000000000000000  0.0000000000000000  0.0000453999297625  0.0000000000000000  0.0000000000000000  0.0000000000000000  0.0000000000000000  0.0000000000000000  0.0000000000000000  0.0000000000000000  0.0000000000000000
  0.0000000000000000  0.0000000000000000  0.0000000000000000  0.0000000000000000  0.0000453999297625  0.0000000000000000  0.0000000000000000  0.0000000000000000  0.0000000000000000  0.0000000000000000  0.0000000000000000  0.0000000000000000
  0.0000000000000000  0.0000000000000000  0.0000000000000000  0.0000000000000000  0.0000000000000000  0.0000453999297625  0.0000000000000000  0.0000000000000000  0.0000000000000000  0.0000000000000000  0.0000000000000000  0.0000000000000000
  0.0000000000000000  0.0000000000000000  0.0000000000000000  0.0000000000000000  0.0000000000000000  0.0000000000000000  0.0000453999297625  0.0000000000000000  0.0000000000000000  0.0000000000000000  0.0000000000000000  0.0000000000000000
  0.0000000000000000  0.0000000000000000  0.0000000000000000  0.0000000000000000  0.0000000000000000  0.0000000000000000  0.0000000000000000  0.0000453999297625  0.0000000000000000  0.0000000000000000  0.0000000000000000  0.0000000000000000
  0.0000000000000000  0.0000000000000000  0.0000000000000000  0.0000000000000000  0.0000000000000000  0.0000000000000000  0.0000000000000000  0.0000000000000000  0.0000453999297625  0.0000000000000000  0.0000000000000000  0.0000000000000000
  0.0000000000000000  0.0000000000000000  0.0000000000000000  0.0000000000000000  0.0000000000000000  0.0000000000000000  0.0000000000000000  0.0000000000000000  0.0000000000000000  0.0000453999297625  0.0000000000000000  0.0000000000000000
  0.0000000000000000  0.0000000000000000  0.0000000000000000  0.0000000000000000  0.0000000000000000  0.0000000000000000  0.0000000000000000  0.0000000000000000  0.0000000000000000  0.0000000000000000  0.0000453999297625  0.0000000000000000
  0.0000000000000000  0.0000000000000000  0.0000000000000000  0.0000000000000000  0.0000000000000000  0.0000000000000000  0.0000000000000000  0.0000000000000000  0.0000000000000000  0.0000000000000000  0.0000000000000000  0.0000453999297625



  0.6103055524590034 -0.0012869412985733 -0.4262248382622203 -0.2718677207789603  0.2249268279474727  0.1839347696590139 -0.4167873268642023  0.0414826271890523 -0.6220048434710493 -0.0544446848478923 -0.2062396727348673 -0.0341603889792941
 -0.0012869412985733  0.2870988631986486 -0.4879992559578199 -0.1785578692459612  0.1880556478331882 -0.1222507116535655  0.1049728354899213 -0.2450217174362642 -0.3599103854516857  0.0970318658193394  0.2199739075404657 -0.1189828347262745
 -0.4262248382622203 -0.4879992559578199  1.1455789658076500  0.3993012667084737 -0.4830773962948622  0.1142458096536927  0.0511966847659469  0.3146745867739482  1.0223331761581862 -0.1628717081261960 -0.2950491638838127  0.2494427513125183
 -0.2718677207789603 -0.1785578692459612  0.3993012667084737  0.8365118426279825 -0.1870573668347402 -0.2276947914953243  0.5157089075482695  0.5981782720299799  0.6748680535221734  0.1898206459839336  0.3660783040214570 -0.0544049061037459
  0.2249268279474727  0.1880556478331882 -0.4830773962948622 -0.1870573668347402  0.2083425018182909 -0.0235608260436217 -0.0650962171314907 -0.1219134463712448 -0.4577059472970803  0.0551203643742541  0.0891558803687509 -0.0981272197044144
  0.1839347696590139 -0.1222507116535655  0.1142458096536927 -0.2276947914953243 -0.0235608260436217  0.1887267233919746 -0.3149652039063298 -0.0539562205938841 -0.0974596455020314 -0.1406224584360696 -0.3064724669381799  0.0931342600678254
 -0.4167873268642023  0.1049728354899213  0.0511966847659469  0.5157089075482695 -0.0650962171314907 -0.3149652039063298  0.5809388037362211  0.1863783621860927  0.4066093004463334  0.2202602592403530  0.4895685741362233 -0.1140270351812994
  0.0414826271890523 -0.2450217174362642  0.3146745867739482  0.5981782720299799 -0.1219134463712448 -0.0539562205938841  0.1863783621860927  0.5682766873501512  0.3983851429305816  0.0873067622880513  0.1146398919615729 -0.0113289652009150
 -0.6220048434710493 -0.3599103854516857  1.0223331761581862  0.6748680535221734 -0.4577059472970803 -0.0974596455020314  0.4066093004463334  0.3983851429305816  1.1377952697517013 -0.0019185671502207  0.0513632573856372  0.1435388843868907
 -0.0544446848478923  0.0970318658193394 -0.1628717081261960  0.1898206459839336  0.0551203643742541 -0.1406224584360696  0.2202602592403530  0.0873067622880513 -0.0019185671502207  0.1222830264442789  0.2465247019266270 -0.0910487956712378
 -0.2062396727348673  0.2199739075404657 -0.2950491638838127  0.3660783040214570  0.0891558803687509 -0.3064724669381799  0.4895685741362233  0.1146398919615729  0.0513632573856372  0.2465247019266270  0.5177954519789051 -0.1775590271349239
 -0.0341603889792941 -0.1189828347262745  0.2494427513125183 -0.0544049061037459 -0.0981272197044144  0.0931342600678254 -0.1140270351812994 -0.0113289652009150  0.1435388843868907 -0.0910487956712378 -0.1775590271349239  0.0856526435104761



  0.0000453999297625  0.0000000000000000  0.0000000000000000  0.0000000000000000  0.0000000000000000  0.0000000000000000  0.0000000000000000  0.0000000000000000  0.0000000000000000  0.0000000000000000  0.0000000000000000  0.0000000000000000
  0.0000000000000000  0.0000453999297625  0.0000000000000000  0.0000000000000000  0.0000000000000000  0.0000000000000000  0.0000000000000000  0.0000000000000000  0.0000000000000000  0.0000000000000000  0.0000000000000000  0.0000000000000000
  0.0000000000000000  0.0000000000000000  0.0000453999297625  0.0000000000000000  0.0000000000000000  0.0000000000000000  0.0000000000000000  0.0000000000000000  0.0000000000000000  0.0000000000000000  0.0000000000000000  0.0000000000000000
  0.0000000000000000  0.0000000000000000  0.0000000000000000  0.0000453999297625  0.0000000000000000  0.0000000000000000  0.0000000000000000  0.0000000000000000  0.0000000000000000  0.0000000000000000  0.0000000000000000  0.0000000000000000
  0.0000000000000000  0.0000000000000000  0.0000000000000000  0.0000000000000000  0.0000453999297625  0.0000000000000000  0.0000000000000000  0.0000000000000000  0.0000000000000000  0.0000000000000000  0.0000000000000000  0.0000000000000000
  0.0000000000000000  0.0000000000000000  0.0000000000000000  0.0000000000000000  0.0000000000000000  0.0000453999297625  0.0000000000000000  0.0000000000000000  0.0000000000000000  0.0000000000000000  0.0000000000000000  0.0000000000000000
  0.0000000000000000  0.0000000000000000  0.0000000000000000  0.0000000000000000  0.0000000000000000  0.0000000000000000  0.0000453999297625  0.0000000000000000  0.0000000000000000  0.0000000000000000  0.0000000000000000  0.0000000000000000
  0.0000000000000000  0.0000000000000000  0.0000000000000000  0.0000000000000000  0.0000000000000000  0.0000000000000000  0.0000000000000000  0.0000453999297625  0.0000000000000000  0.0000000000000000  0.0000000000000000  0.0000000000000000
  0.0000000000000000  0.0000000000000000  0.0000000000000000  0.0000000000000000  0.0000000000000000  0.0000000000000000  0.0000000000000000  0.0000000000000000  0.0000453999297625  0.0000000000000000  0.0000000000000000  0.0000000000000000
  0.0000000000000000  0.0000000000000000  0.0000000000000000  0.0000000000000000  0.0000000000000000  0.0000000000000000  0.0000000000000000  0.0000000000000000  0.0000000000000000  0.0000453999297625  0.0000000000000000  0.0000000000000000
  0.0000000000000000  0.0000000000000000  0.0000000000000000  0.0000000000000000  0.0000000000000000  0.0000000000000000  0.0000000000000000  0.0000000000000000  0.0000000000000000  0.0000000000000000  0.0000453999297625  0.0000000000000000
  0.0000000000000000  0.0000000000000000  0.0000000000000000  0.0000000000000000  0.0000000000000000  0.0000000000000000  0.0000000000000000  0.0000000000000000  0.0000000000000000  0.0000000000000000  0.0000000000000000  0.0000453999297625



  0.0000453999297625  0.0000000000000000  0.0000000000000000  0.0000000000000000  0.0000000000000000  0.0000000000000000  0.0000000000000000  0.0000000000000000  0.0000000000000000  0.0000000000000000  0.0000000000000000  0.0000000000000000
  0.0000000000000000  0.0000453999297625  0.0000000000000000  0.0000000000000000  0.0000000000000000  0.0000000000000000  0.0000000000000000  0.0000000000000000  0.0000000000000000  0.0000000000000000  0.0000000000000000  0.0000000000000000
  0.0000000000000000  0.0000000000000000  0.0000453999297625  0.0000000000000000  0.0000000000000000  0.0000000000000000  0.0000000000000000  0.0000000000000000  0.0000000000000000  0.0000000000000000  0.0000000000000000  0.0000000000000000
  0.0000000000000000  0.0000000000000000  0.0000000000000000  0.0000453999297625  0.0000000000000000  0.0000000000000000  0.0000000000000000  0.0000000000000000  0.0000000000000000  0.0000000000000000  0.0000000000000000  0.0000000000000000
  0.0000000000000000  0.0000000000000000  0.0000000000000000  0.0000000000000000  0.0000453999297625  0.0000000000000000  0.0000000000000000  0.0000000000000000  0.0000000000000000  0.0000000000000000  0.0000000000000000  0.0000000000000000
  0.0000000000000000  0.0000000000000000  0.0000000000000000  0.0000000000000000  0.0000000000000000  0.0000453999297625  0.0000000000000000  0.0000000000000000  0.0000000000000000  0.0000000000000000  0.0000000000000000  0.0000000000000000
  0.0000000000000000  0.0000000000000000  0.0000000000000000  0.0000000000000000  0.0000000000000000  0.0000000000000000  0.0000453999297625  0.0000000000000000  0.0000000000000000  0.0000000000000000  0.0000000000000000  0.0000000000000000
  0.0000000000000000  0.0000000000000000  0.0000000000000000  0.0000000000000000  0.0000000000000000  0.0000000000000000  0.0000000000000000  0.0000453999297625  0.0000000000000000  0.0000000000000000  0.0000000000000000  0.0000000000000000
  0.0000000000000000  0.0000000000000000  0.0000000000000000  0.0000000000000000  0.0000000000000000  0.0000000000000000  0.0000000000000000  0.0000000000000000  0.0000453999297625  0.0000000000000000  0.0000000000000000  0.0000000000000000
  0.0000000000000000  0.0000000000000000  0.0000000000000000  0.0000000000000000  0.0000000000000000  0.0000000000000000  0.0000000000000000  0.0000000000000000  0.0000000000000000  0.0000453999297625  0.0000000000000000  0.0000000000000000
  0.0000000000000000  0.0000000000000000  0.0000000000000000  0.0000000000000000  0.0000000000000000  0.0000000000000000  0.0000000000000000  0.0000000000000000  0.0000000000000000  0.0000000000000000  0.0000453999297625  0.0000000000000000
  0.0000000000000000  0.0000000000000000  0.0000000000000000  0.0000000000000000  0.0000000000000000  0.0000000000000000  0.0000000000000000  0.0000000000000000  0.0000000000000000  0.0000000000000000  0.0000000000000000  0.0000453999297625



  0.1180422485174138 -0.0636508352913674 -0.0153937762025815  0.1149521602079394  0.0240932845418965 -0.0330390891560476  0.0572244758088461  0.0510945888391307  0.2155361034102209 -0.3415562510093689 -0.2056648527687052 -0.2426583054376134
 -0.0636508352913674  0.4231159654941611 -0.1035214579166945  0.1554010220280358 -0.4068070755024813  0.3989831360529635  0.3183716042013229 -0.0336198943226466  0.2604216307259197  0.6420471987986296 -0.5165847739074064  0.3049622602371597
 -0.0153937762025815 -0.1035214579166945  0.0342217964103025 -0.0775374929412467  0.1101419924465313 -0.1053361041621364 -0.1079293419988555 -0.0049230817816898 -0.1364783004523798 -0.0871341245250260  0.2073477120032689 -0.0184154076881987
  0.1149521602079394  0.1554010220280358 -0.0775374929412467  0.2336227871370512 -0.1967761607809583  0.1809866226955325  0.2510686398049598  0.0463880933306379  0.4206461548242326 -0.0767064460881215 -0.5513168333874604 -0.1390467334038016
  0.0240932845418965 -0.4068070755024813  0.1101419924465313 -0.1967761607809583  0.4039166091029742 -0.3928831154833333 -0.3421150322868744  0.0165699080054793 -0.3375961672342195 -0.5335196901916250  0.5937247610967871 -0.2258853373837128
 -0.0330390891560476  0.3989831360529635 -0.1053361041621364  0.1809866226955325 -0.3928831154833333  0.3830302584389267  0.3264122518639024 -0.0202464595908883  0.3089980018434917  0.5445174060067821 -0.5577126269495898  0.2386180774886177
  0.0572244758088461  0.3183716042013229 -0.1079293419988555  0.2510686398049598 -0.3421150322868744  0.3264122518639024  0.3415547549663066  0.0193366102100744  0.4429442398440119  0.2456463411879574 -0.6635102375212233  0.0386994506413960
  0.0510945888391307 -0.0336198943226466 -0.0049230817816898  0.0463880933306379  0.0165699080054793 -0.0202464595908883  0.0193366102100744  0.0222646106830713  0.0874604211127264 -0.1550338693121224 -0.0792769581895225 -0.1077876890168008
  0.2155361034102209  0.2604216307259197 -0.1364783004523798  0.4206461548242326 -0.3375961672342195  0.3089980018434917  0.4429442398440119  0.0874604211127264  0.7587629013342890 -0.1802815090092180 -0.9837508023250269 -0.2745750436324085
 -0.3415562510093689  0.6420471987986296 -0.0871341245250260 -0.0767064460881215 -0.5335196901916250  0.5445174060067821  0.2456463411879574 -0.1550338693121224 -0.1802815090092180  1.5278613278422961 -0.1436967568536076  0.9073957357547807
 -0.2056648527687052 -0.5165847739074064  0.2073477120032689 -0.5513168333874604  0.5937247610967871 -0.5577126269495898 -0.6635102375212233 -0.0792769581895225 -0.9837508023250269 -0.1436967568536076  1.3715130622893340  0.1419562185566646
 -0.2426583054376134  0.3049622602371597 -0.0184154076881987 -0.1390467334038016 -0.2258853373837128  0.2386180774886177  0.0386994506413960 -0.1077876890168008 -0.2745750436324085  0.9073957357547807  0.1419562185566646  0.5770096002306966



  0.0000453999297625  0.0000000000000000  0.0000000000000000  0.0000000000000000  0.0000000000000000  0.0000000000000000  0.0000000000000000  0.0000000000000000  0.0000000000000000  0.0000000000000000  0.0000000000000000  0.0000000000000000
  0.0000000000000000  0.0000453999297625  0.0000000000000000  0.0000000000000000  0.0000000000000000  0.0000000000000000  0.0000000000000000  0.0000000000000000  0.0000000000000000  0.0000000000000000  0.0000000000000000  0.0000000000000000
  0.0000000000000000  0.0000000000000000  0.0000453999297625  0.0000000000000000  0.0000000000000000  0.0000000000000000  0.0000000000000000  0.0000000000000000  0.0000000000000000  0.0000000000000000  0.0000000000000000  0.0000000000000000
  0.0000000000000000  0.0000000000000000  0.0000000000000000  0.0000453999297625  0.0000000000000000  0.0000000000000000  0.0000000000000000  0.0000000000000000  0.0000000000000000  0.0000000000000000  0.0000000000000000  0.0000000000000000
  0.0000000000000000  0.0000000000000000  0.0000000000000000  0.0000000000000000  0.0000453999297625  0.0000000000000000  0.0000000000000000  0.0000000000000000  0.0000000000000000  0.0000000000000000  0.0000000000000000  0.0000000000000000
  0.0000000000000000  0.0000000000000000  0.0000000000000000  0.0000000000000000  0.0000000000000000  0.0000453999297625  0.0000000000000000  0.0000000000000000  0.0000000000000000  0.0000000000000000  0.0000000000000000  0.0000000000000000
  0.0000000000000000  0.0000000000000000  0.0000000000000000  0.0000000000000000  0.0000000000000000  0.0000000000000000  0.0000453999297625  0.0000000000000000  0.0000000000000000  0.0000000000000000  0.0000000000000000  0.0000000000000000
  0.0000000000000000  0.0000000000000000  0.0000000000000000  0.0000000000000000  0.0000000000000000  0.0000000000000000  0.0000000000000000  0.0000453999297625  0.0000000000000000  0.0000000000000000  0.0000000000000000  0.0000000000000000
  0.0000000000000000  0.0000000000000000  0.0000000000000000  0.0000000000000000  0.0000000000000000  0.0000000000000000  0.0000000000000000  0.0000000000000000  0.0000453999297625  0.0000000000000000  0.0000000000000000  0.0000000000000000
  0.0000000000000000  0.0000000000000000  0.0000000000000000  0.0000000000000000  0.0000000000000000  0.0000000000000000  0.0000000000000000  0.0000000000000000  0.0000000000000000  0.0000453999297625  0.0000000000000000  0.0000000000000000
  0.0000000000000000  0.0000000000000000  0.0000000000000000  0.0000000000000000  0.0000000000000000  0.0000000000000000  0.0000000000000000  0.0000000000000000  0.0000000000000000  0.0000000000000000  0.0000453999297625  0.0000000000000000
  0.0000000000000000  0.0000000000000000  0.0000000000000000  0.0000000000000000  0.0000000000000000  0.0000000000000000  0.0000000000000000  0.0000000000000000  0.0000000000000000  0.0000000000000000  0.0000000000000000  0.0000453999297625



  0.0000453999297625  0.0000000000000000  0.0000000000000000  0.0000000000000000  0.0000000000000000  0.0000000000000000  0.0000000000000000  0.0000000000000000  0.0000000000000000  0.0000000000000000  0.0000000000000000  0.0000000000000000
  0.0000000000000000  0.0000453999297625  0.0000000000000000  0.0000000000000000  0.0000000000000000  0.0000000000000000  0.0000000000000000  0.0000000000000000  0.0000000000000000  0.0000000000000000  0.0000000000000000  0.0000000000000000
  0.0000000000000000  0.0000000000000000  0.0000453999297625  0.0000000000000000  0.0000000000000000  0.0000000000000000  0.0000000000000000  0.0000000000000000  0.0000000000000000  0.0000000000000000  0.0000000000000000  0.0000000000000000
  0.0000000000000000  0.0000000000000000  0.0000000000000000  0.0000453999297625  0.0000000000000000  0.0000000000000000  0.0000000000000000  0.0000000000000000  0.0000000000000000  0.0000000000000000  0.0000000000000000  0.0000000000000000
  0.0000000000000000  0.0000000000000000  0.0000000000000000  0.0000000000000000  0.0000453999297625  0.0000000000000000  0.0000000000000000  0.0000000000000000  0.0000000000000000  0.0000000000000000  0.0000000000000000  0.0000000000000000
  0.0000000000000000  0.0000000000000000  0.0000000000000000  0.0000000000000000  0.0000000000000000  0.0000453999297625  0.0000000000000000  0.0000000000000000  0.0000000000000000  0.0000000000000000  0.0000000000000000  0.0000000000000000
  0.0000000000000000  0.0000000000000000  0.0000000000000000  0.0000000000000000  0.0000000000000000  0.0000000000000000  0.0000453999297625  0.0000000000000000  0.0000000000000000  0.0000000000000000  0.0000000000000000  0.0000000000000000
  0.0000000000000000  0.0000000000000000  0.0000000000000000  0.0000000000000000  0.0000000000000000  0.0000000000000000  0.0000000000000000  0.0000453999297625  0.0000000000000000  0.0000000000000000  0.0000000000000000  0.0000000000000000
  0.0000000000000000  0.0000000000000000  0.0000000000000000  0.0000000000000000  0.0000000000000000  0.0000000000000000  0.0000000000000000  0.0000000000000000  0.0000453999297625  0.0000000000000000  0.0000000000000000  0.0000000000000000
  0.0000000000000000  0.0000000000000000  0.0000000000000000  0.0000000000000000  0.0000000000000000  0.0000000000000000  0.0000000000000000  0.0000000000000000  0.0000000000000000  0.0000453999297625  0.0000000000000000  0.0000000000000000
  0.0000000000000000  0.0000000000000000  0.0000000000000000  0.0000000000000000  0.0000000000000000  0.0000000000000000  0.0000000000000000  0.0000000000000000  0.0000000000000000  0.0000000000000000  0.0000453999297625  0.0000000000000000
  0.0000000000000000  0.0000000000000000  0.0000000000000000  0.0000000000000000  0.0000000000000000  0.0000000000000000  0.0000000000000000  0.0000000000000000  0.0000000000000000  0.0000000000000000  0.0000000000000000  0.0000453999297625



  0.0000453999297625  0.0000000000000000  0.0000000000000000  0.0000000000000000  0.0000000000000000  0.0000000000000000  0.0000000000000000  0.0000000000000000  0.0000000000000000  0.0000000000000000  0.0000000000000000  0.0000000000000000
  0.0000000000000000  0.0000453999297625  0.0000000000000000  0.0000000000000000  0.0000000000000000  0.0000000000000000  0.0000000000000000  0.0000000000000000  0.0000000000000000  0.0000000000000000  0.0000000000000000  0.0000000000000000
  0.0000000000000000  0.0000000000000000  0.0000453999297625  0.0000000000000000  0.0000000000000000  0.0000000000000000  0.0000000000000000  0.0000000000000000  0.0000000000000000  0.0000000000000000  0.0000000000000000  0.0000000000000000
  0.0000000000000000  0.0000000000000000  0.0000000000000000  0.0000453999297625  0.0000000000000000  0.0000000000000000  0.0000000000000000  0.0000000000000000  0.0000000000000000  0.0000000000000000  0.0000000000000000  0.0000000000000000
  0.0000000000000000  0.0000000000000000  0.0000000000000000  0.0000000000000000  0.0000453999297625  0.0000000000000000  0.0000000000000000  0.0000000000000000  0.0000000000000000  0.0000000000000000  0.0000000000000000  0.0000000000000000
  0.0000000000000000  0.0000000000000000  0.0000000000000000  0.0000000000000000  0.0000000000000000  0.0000453999297625  0.0000000000000000  0.0000000000000000  0.0000000000000000  0.0000000000000000  0.0000000000000000  0.0000000000000000
  0.0000000000000000  0.0000000000000000  0.0000000000000000  0.0000000000000000  0.0000000000000000  0.0000000000000000  0.0000453999297625  0.0000000000000000  0.0000000000000000  0.0000000000000000  0.0000000000000000  0.0000000000000000
  0.0000000000000000  0.0000000000000000  0.0000000000000000  0.0000000000000000  0.0000000000000000  0.0000000000000000  0.0000000000000000  0.0000453999297625  0.0000000000000000  0.0000000000000000  0.0000000000000000  0.0000000000000000
  0.0000000000000000  0.0000000000000000  0.0000000000000000  0.0000000000000000  0.0000000000000000  0.0000000000000000  0.0000000000000000  0.0000000000000000  0.0000453999297625  0.0000000000000000  0.0000000000000000  0.0000000000000000
  0.0000000000000000  0.0000000000000000  0.0000000000000000  0.0000000000000000  0.0000000000000000  0.0000000000000000  0.0000000000000000  0.0000000000000000  0.0000000000000000  0.0000453999297625  0.0000000000000000  0.0000000000000000
  0.0000000000000000  0.0000000000000000  0.0000000000000000  0.0000000000000000  0.0000000000000000  0.0000000000000000  0.0000000000000000  0.0000000000000000  0.0000000000000000  0.0000000000000000  0.0000453999297625  0.0000000000000000
  0.0000000000000000  0.0000000000000000  0.0000000000000000  0.0000000000000000  0.0000000000000000  0.0000000000000000  0.0000000000000000  0.0000000000000000  0.0000000000000000  0.0000000000000000  0.0000000000000000  0.0000453999297625



  0.0503169554581465  0.0132151700247002  0.1588666404681136  0.1670607749521023 -0.0746242319340440 -0.1589277900667252 -0.2457546798995970 -0.1317040204703337  0.4189146005286027 -0.0222922050573986 -0.1079877159968452  0.0885212684739120
  0.0132151700247002  0.0035193514441394  0.0417621431049867  0.0439161845112256 -0.0196168852599566 -0.0417782154379105 -0.0646028844529289 -0.0346217662693490  0.1101224026077297 -0.0058600804159367 -0.0283873322341240  0.0232700714931560
  0.1588666404681136  0.0417621431049867  0.5020911976458028  0.5279406318755342 -0.2358253166851589 -0.5022390595437847 -0.7766268320959671 -0.4162071900628557  1.3238416704473190 -0.0704471362197652 -0.3412595999004479  0.2797423622924426
  0.1670607749521023  0.0439161845112256  0.5279406318755342  0.5552164903647039 -0.2479888682659706 -0.5281438595360961 -0.8166841865016201 -0.4376745960053600  1.3921236380434916 -0.0740807093086839 -0.3588613125469651  0.2941710911655750
 -0.0746242319340440 -0.0196168852599566 -0.2358253166851589 -0.2479888682659706  0.1108193235157490  0.2359160946309685  0.3648039150412428  0.1955044705196480 -0.6218464510897921  0.0330910485196934  0.1602994376856346 -0.1314030157881881
 -0.1589277900667252 -0.0417782154379105 -0.5022390595437847 -0.5281438595360961  0.2359160946309685  0.5024777969654659  0.7769257898217705  0.4163674032958181 -1.3243512659692276  0.0704742513126226  0.3413909617938176 -0.2798500480582971
 -0.2457546798995970 -0.0646028844529289 -0.7766268320959671 -0.8166841865016201  0.3648039150412428  0.7769257898217705  1.2014283105263057  0.6438410210594422 -2.0478828624470980  0.1089763951676373  0.5279027754920819 -0.4327402531593862
 -0.1317040204703337 -0.0346217662693490 -0.4162071900628557 -0.4376745960053600  0.1955044705196480  0.4163674032958181  0.6438410210594422  0.3450904860901401 -1.0974944034194918  0.0584022647684873  0.2829118598829284 -0.2319126749697778
  0.4189146005286027  0.1101224026077297  1.3238416704473190  1.3921236380434916 -0.6218464510897921 -1.3243512659692276 -2.0478828624470980 -1.0974944034194918  3.4908760596307493 -0.1857616893780207 -0.8998655393921059  0.7376510309478066
 -0.0222922050573986 -0.0058600804159367 -0.0704471362197652 -0.0740807093086839  0.0330910485196934  0.0704742513126226  0.1089763951676373  0.0584022647684873 -0.1857616893780207  0.0099305611864736  0.0478856094848191 -0.0392534890179162
 -0.1079877159968452 -0.0283873322341240 -0.3412595999004479 -0.3588613125469651  0.1602994376856346  0.3413909617938176  0.5279027754920819  0.2829118598829284 -0.8998655393921059  0.0478856094848191  0.2320125373545567 -0.1901515131032493
  0.0885212684739120  0.0232700714931560  0.2797423622924426  0.2941710911655750 -0.1314030157881881 -0.2798500480582971 -0.4327402531593862 -0.2319126749697778  0.7376510309478066 -0.0392534890179162 -0.1901515131032493  0.1559192062481829



  0.0000453999297625  0.0000000000000000  0.0000000000000000  0.0000000000000000  0.0000000000000000  0.0000000000000000  0.0000000000000000  0.0000000000000000  0.0000000000000000  0.0000000000000000  0.0000000000000000  0.0000000000000000
  0.0000000000000000  0.0000453999297625  0.0000000000000000  0.0000000000000000  0.0000000000000000  0.0000000000000000  0.0000000000000000  0.0000000000000000  0.0000000000000000  0.0000000000000000  0.0000000000000000  0.0000000000000000
  0.0000000000000000  0.0000000000000000  0.0000453999297625  0.0000000000000000  0.0000000000000000  0.0000000000000000  0.0000000000000000  0.0000000000000000  0.0000000000000000  0.0000000000000000  0.0000000000000000  0.0000000000000000
  0.0000000000000000  0.0000000000000000  0.0000000000000000  0.0000453999297625  0.0000000000000000  0.0000000000000000  0.0000000000000000  0.0000000000000000  0.0000000000000000  0.0000000000000000  0.0000000000000000  0.0000000000000000
  0.0000000000000000  0.0000000000000000  0.0000000000000000  0.0000000000000000  0.0000453999297625  0.0000000000000000  0.0000000000000000  0.0000000000000000  0.0000000000000000  0.0000000000000000  0.0000000000000000  0.0000000000000000
  0.0000000000000000  0.0000000000000000  0.0000000000000000  0.0000000000000000  0.0000000000000000  0.0000453999297625  0.0000000000000000  0.0000000000000000  0.0000000000000000  0.0000000000000000  0.0000000000000000  0.0000000000000000
  0.0000000000000000  0.0000000000000000  0.0000000000000000  0.0000000000000000  0.0000000000000000  0.0000000000000000  0.0000453999297625  0.0000000000000000  0.0000000000000000  0.0000000000000000  0.0000000000000000  0.0000000000000000
  0.0000000000000000  0.0000000000000000  0.0000000000000000  0.0000000000000000  0.0000000000000000  0.0000000000000000  0.0000000000000000  0.0000453999297625  0.0000000000000000  0.0000000000000000  0.0000000000000000  0.0000000000000000
  0.0000000000000000  0.0000000000000000  0.0000000000000000  0.0000000000000000  0.0000000000000000  0.0000000000000000  0.0000000000000000  0.0000000000000000  0.0000453999297625  0.0000000000000000  0.0000000000000000  0.0000000000000000
  0.0000000000000000  0.0000000000000000  0.0000000000000000  0.0000000000000000  0.0000000000000000  0.0000000000000000  0.0000000000000000  0.0000000000000000  0.0000000000000000  0.0000453999297625  0.0000000000000000  0.0000000000000000
  0.0000000000000000  0.0000000000000000  0.0000000000000000  0.0000000000000000  0.0000000000000000  0.0000000000000000  0.0000000000000000  0.0000000000000000  0.0000000000000000  0.0000000000000000  0.0000453999297625  0.0000000000000000
  0.0000000000000000  0.0000000000000000  0.0000000000000000  0.0000000000000000  0.0000000000000000  0.0000000000000000  0.0000000000000000  0.0000000000000000  0.0000000000000000  0.0000000000000000  0.0000000000000000  0.0000453999297625



  0.0000513614852953  0.0000082031881527  0.0000110312978846 -0.0000073510473775 -0.0000048509022793  0.0000022580648987 -0.0000117301564050 -0.0000112604415840 -0.0000155963443998 -0.0000001896417998 -0.0000065229612029 -0.0000100668908137
  0.0000082031881527  0.0000566876373913  0.0000151792282428 -0.0000101151493808 -0.0000066749129297  0.0000031071305337 -0.0000161408678524 -0.0000154945333457 -0.0000214607994339 -0.0000002609499076 -0.0000089756906172 -0.0000138521899196
  0.0000110312978846  0.0000151792282428  0.0000658123091068 -0.0000136024218744 -0.0000089761384855  0.0000041783367449 -0.0000217055513151 -0.0000208363882113 -0.0000288595686204 -0.0000003509143165 -0.0000120701262820 -0.0000186278347532
 -0.0000073510473775 -0.0000101151493808 -0.0000136024218744  0.0000544643253299  0.0000059815281905 -0.0000027843642419  0.0000144641671127  0.0000138849733295  0.0000192314683587  0.0000002338426351  0.0000080433028897  0.0000124132352552
 -0.0000048509022793 -0.0000066749129297 -0.0000089761384855  0.0000059815281905  0.0000493470963692 -0.0000018373815531  0.0000095447978515  0.0000091625921196  0.0000126907049981  0.0000001543110408  0.0000053077166173  0.0000081914029526
  0.0000022580648987  0.0000031071305337  0.0000041783367449 -0.0000027843642419 -0.0000018373815531  0.0000462552194698 -0.0000044430441498 -0.0000042651297542 -0.0000059074443981 -0.0000000718308316 -0.0000024707091373 -0.0000038130472257
 -0.0000117301564050 -0.0000161408678524 -0.0000217055513151  0.0000144641671127  0.0000095447978515 -0.0000044430441498  0.0000684805785172  0.0000221564221354  0.0000306878897876  0.0000003731455591  0.0000128347970110  0.0000198079516506
 -0.0000112604415840 -0.0000154945333457 -0.0000208363882113  0.0000138849733295  0.0000091625921196 -0.0000042651297542  0.0000221564221354  0.0000666691344136  0.0000294590437126  0.0000003582035589  0.0000123208486737  0.0000190147748043
 -0.0000155963443998 -0.0000214607994339 -0.0000288595686204  0.0000192314683587  0.0000126907049981 -0.0000059074443981  0.0000306878897876  0.0000294590437126  0.0000862023608218  0.0000004961320592  0.0000170650678109  0.0000263365316821
 -0.0000001896417998 -0.0000002609499076 -0.0000003509143165  0.0000002338426351  0.0000001543110408 -0.0000000718308316  0.0000003731455591  0.0000003582035589  0.0000004961320592  0.0000454059624182  0.0000002075005585  0.0000003202357643
 -0.0000065229612029 -0.0000089756906172 -0.0000120701262820  0.0000080433028897  0.0000053077166173 -0.0000024707091373  0.0000128347970110  0.0000123208486737  0.0000170650678109  0.0000002075005585  0.0000525371647711  0.0000110149000290
 -0.0000100668908137 -0.0000138521899196 -0.0000186278347532  0.0000124132352552  0.0000081914029526 -0.0000038130472257  0.0000198079516506  0.0000190147748043  0.0000263365316821  0.0000003202357643  0.0000110149000290  0.0000623992330646



  0.0000453999297625  0.0000000000000000  0.0000000000000000  0.0000000000000000  0.0000000000000000  0.0000000000000000  0.0000000000000000  0.0000000000000000  0.0000000000000000  0.0000000000000000  0.0000000000000000  0.0000000000000000
  0.0000000000000000  0.0000453999297625  0.0000000000000000  0.0000000000000000  0.0000000000000000  0.0000000000000000  0.0000000000000000  0.0000000000000000  0.0000000000000000  0.0000000000000000  0.0000000000000000  0.0000000000000000
  0.0000000000000000  0.0000000000000000  0.0000453999297625  0.0000000000000000  0.0000000000000000  0.0000000000000000  0.0000000000000000  0.0000000000000000  0.0000000000000000  0.0000000000000000  0.0000000000000000  0.0000000000000000
  0.0000000000000000  0.0000000000000000  0.0000000000000000  0.0000453999297625  0.0000000000000000  0.0000000000000000  0.0000000000000000  0.0000000000000000  0.0000000000000000  0.0000000000000000  0.0000000000000000  0.0000000000000000
  0.0000000000000000  0.0000000000000000  0.0000000000000000  0.0000000000000000  0.0000453999297625  0.0000000000000000  0.0000000000000000  0.0000000000000000  0.0000000000000000  0.0000000000000000  0.0000000000000000  0.0000000000000000
  0.0000000000000000  0.0000000000000000  0.0000000000000000  0.0000000000000000  0.0000000000000000  0.0000453999297625  0.0000000000000000  0.0000000000000000  0.0000000000000000  0.0000000000000000  0.0000000000000000  0.0000000000000000
  0.0000000000000000  0.0000000000000000  0.0000000000000000  0.0000000000000000  0.0000000000000000  0.0000000000000000  0.0000453999297625  0.0000000000000000  0.0000000000000000  0.0000000000000000  0.0000000000000000  0.0000000000000000
  0.0000000000000000  0.0000000000000000  0.0000000000000000  0.0000000000000000  0.0000000000000000  0.0000000000000000  0.0000000000000000  0.0000453999297625  0.0000000000000000  0.0000000000000000  0.0000000000000000  0.0000000000000000
