
  0.0000453999297625  0.0000000000000000  0.0000000000000000  0.0000000000000000  0.0000000000000000  0.0000000000000000  0.0000000000000000  0.0000000000000000  0.0000000000000000  0.0000000000000000  0.0000000000000000  0.0000000000000000
  0.0000000000000000  0.0000453999297625  0.0000000000000000  0.0000000000000000  0.0000000000000000  0.0000000000000000  0.0000000000000000  0.0000000000000000  0.0000000000000000  0.0000000000000000  0.0000000000000000  0.0000000000000000
  0.0000000000000000  0.0000000000000000  0.0000453999297625  0.0000000000000000  0.0000000000000000  0.0000000000000000  0.0000000000000000  0.0000000000000000  0.0000000000000000  0.0000000000000000  0.0000000000000000  0.0000000000000000
  0.0000000000000000  0.0000000000000000  0.0000000000000000  0.0000453999297625  0.0000000000000000  0.0000000000000000  0.0000000000000000  0.0000000000000000  0.0000000000000000  0.0000000000000000  0.0000000000000000  0.0000000000000000
  0.0000000000000000  0.0000000000000000  0.0000000000000000  0.0000000000000000  0.0000453999297625  0.0000000000000000  0.0000000000000000  0.0000000000000000  0.0000000000000000  0.0000000000000000  0.0000000000000000  0.0000000000000000
  0.0000000000000000  0.0000000000000000  0.0000000000000000  0.0000000000000000  0.0000000000000000  0.0000453999297625  0.0000000000000000  0.0000000000000000  0.0000000000000000  0.0000000000000000  0.0000000000000000  0.0000000000000000
  0.0000000000000000  0.0000000000000000  0.0000000000000000  0.0000000000000000  0.0000000000000000  0.0000000000000000  0.0000453999297625  0.0000000000000000  0.0000000000000000  0.0000000000000000  0.0000000000000000  0.0000000000000000
  0.0000000000000000  0.0000000000000000  0.0000000000000000  0.0000000000000000  0.0000000000000000  0.0000000000000000  0.0000000000000000  0.0000453999297625  0.0000000000000000  0.0000000000000000  0.0000000000000000  0.0000000000000000
  0.0000000000000000  0.0000000000000000  0.0000000000000000  0.0000000000000000  0.0000000000000000  0.0000000000000000  0.0000000000000000  0.0000000000000000  0.0000453999297625  0.0000000000000000  0.0000000000000000  0.0000000000000000
  0.0000000000000000  0.0000000000000000  0.0000000000000000  0.0000000000000000  0.0000000000000000  0.0000000000000000  0.0000000000000000  0.0000000000000000  0.0000000000000000  0.0000453999297625  0.0000000000000000  0.0000000000000000
  0.0000000000000000  0.0000000000000000  0.0000000000000000  0.0000000000000000  0.0000000000000000  0.0000000000000000  0.0000000000000000  0.0000000000000000  0.0000000000000000  0.0000000000000000  0.0000453999297625  0.0000000000000000
  0.0000000000000000  0.0000000000000000  0.0000000000000000  0.0000000000000000  0.0000000000000000  0.0000000000000000  0.0000000000000000  0.0000000000000000  0.0000000000000000  0.0000000000000000  0.0000000000000000  0.0000453999297625



  0.0000453999297625  0.0000000000000000  0.0000000000000000  0.0000000000000000  0.0000000000000000  0.0000000000000000  0.0000000000000000  0.0000000000000000  0.0000000000000000  0.0000000000000000  0.0000000000000000  0.0000000000000000
  0.0000000000000000  0.0000453999297625  0.0000000000000000  0.0000000000000000  0.0000000000000000  0.0000000000000000  0.0000000000000000  0.0000000000000000  0.0000000000000000  0.0000000000000000  0.0000000000000000  0.0000000000000000
  0.0000000000000000  0.0000000000000000  0.0000453999297625  0.0000000000000000  0.0000000000000000  0.0000000000000000  0.0000000000000000  0.0000000000000000  0.0000000000000000  0.0000000000000000  0.0000000000000000  0.0000000000000000
  0.0000000000000000  0.0000000000000000  0.0000000000000000  0.0000453999297625  0.0000000000000000  0.0000000000000000  0.0000000000000000  0.0000000000000000  0.0000000000000000  0.0000000000000000  0.0000000000000000  0.0000000000000000
  0.0000000000000000  0.0000000000000000  0.0000000000000000  0.0000000000000000  0.0000453999297625  0.0000000000000000  0.0000000000000000  0.0000000000000000  0.0000000000000000  0.0000000000000000  0.0000000000000000  0.0000000000000000
  0.0000000000000000  0.0000000000000000  0.0000000000000000  0.0000000000000000  0.0000000000000000  0.0000453999297625  0.0000000000000000  0.0000000000000000  0.0000000000000000  0.0000000000000000  0.0000000000000000  0.0000000000000000
  0.0000000000000000  0.0000000000000000  0.0000000000000000  0.0000000000000000  0.0000000000000000  0.0000000000000000  0.0000453999297625  0.0000000000000000  0.0000000000000000  0.0000000000000000  0.0000000000000000  0.0000000000000000
  0.0000000000000000  0.0000000000000000  0.0000000000000000  0.0000000000000000  0.0000000000000000  0.0000000000000000  0.0000000000000000  0.0000453999297625  0.0000000000000000  0.0000000000000000  0.0000000000000000  0.0000000000000000
  0.0000000000000000  0.0000000000000000  0.0000000000000000  0.0000000000000000  0.0000000000000000  0.0000000000000000  0.0000000000000000  0.0000000000000000  0.0000453999297625  0.0000000000000000  0.0000000000000000  0.0000000000000000
  0.0000000000000000  0.0000000000000000  0.0000000000000000  0.0000000000000000  0.0000000000000000  0.0000000000000000  0.0000000000000000  0.0000000000000000  0.0000000000000000  0.0000453999297625  0.0000000000000000  0.0000000000000000
  0.0000000000000000  0.0000000000000000  0.0000000000000000  0.0000000000000000  0.0000000000000000  0.0000000000000000  0.0000000000000000  0.0000000000000000  0.0000000000000000  0.0000000000000000  0.0000453999297625  0.0000000000000000
  0.0000000000000000  0.0000000000000000  0.0000000000000000  0.0000000000000000  0.0000000000000000  0.0000000000000000  0.0000000000000000  0.0000000000000000  0.0000000000000000  0.0000000000000000  0.0000000000000000  0.0000453999297625



  0.0000453999297625  0.0000000000000000  0.0000000000000000  0.0000000000000000  0.0000000000000000  0.0000000000000000  0.0000000000000000  0.0000000000000000  0.0000000000000000  0.0000000000000000  0.0000000000000000  0.0000000000000000
  0.0000000000000000  0.0000453999297625  0.0000000000000000  0.0000000000000000  0.0000000000000000  0.0000000000000000  0.0000000000000000  0.0000000000000000  0.0000000000000000  0.0000000000000000  0.0000000000000000  0.0000000000000000
  0.0000000000000000  0.0000000000000000  0.0000453999297625  0.0000000000000000  0.0000000000000000  0.0000000000000000  0.0000000000000000  0.0000000000000000  0.0000000000000000  0.0000000000000000  0.0000000000000000  0.0000000000000000
  0.0000000000000000  0.0000000000000000  0.0000000000000000  0.0000453999297625  0.0000000000000000  0.0000000000000000  0.0000000000000000  0.0000000000000000  0.0000000000000000  0.0000000000000000  0.0000000000000000  0.0000000000000000
  0.0000000000000000  0.0000000000000000  0.0000000000000000  0.0000000000000000  0.0000453999297625  0.0000000000000000  0.0000000000000000  0.0000000000000000  0.0000000000000000  0.0000000000000000  0.0000000000000000  0.0000000000000000
  0.0000000000000000  0.0000000000000000  0.0000000000000000  0.0000000000000000  0.0000000000000000  0.0000453999297625  0.0000000000000000  0.0000000000000000  0.0000000000000000  0.0000000000000000  0.0000000000000000  0.0000000000000000
  0.0000000000000000  0.0000000000000000  0.0000000000000000  0.0000000000000000  0.0000000000000000  0.0000000000000000  0.0000453999297625  0.0000000000000000  0.0000000000000000  0.0000000000000000  0.0000000000000000  0.0000000000000000
  0.0000000000000000  0.0000000000000000  0.0000000000000000  0.0000000000000000  0.0000000000000000  0.0000000000000000  0.0000000000000000  0.0000453999297625  0.0000000000000000  0.0000000000000000  0.0000000000000000  0.0000000000000000
  0.0000000000000000  0.0000000000000000  0.0000000000000000  0.0000000000000000  0.0000000000000000  0.0000000000000000  0.0000000000000000  0.0000000000000000  0.0000453999297625  0.0000000000000000  0.0000000000000000  0.0000000000000000
  0.0000000000000000  0.0000000000000000  0.0000000000000000  0.0000000000000000  0.0000000000000000  0.0000000000000000  0.0000000000000000  0.0000000000000000  0.0000000000000000  0.0000453999297625  0.0000000000000000  0.0000000000000000
  0.0000000000000000  0.0000000000000000  0.0000000000000000  0.0000000000000000  0.0000000000000000  0.0000000000000000  0.0000000000000000  0.0000000000000000  0.0000000000000000  0.0000000000000000  0.0000453999297625  0.0000000000000000
  0.0000000000000000  0.0000000000000000  0.0000000000000000  0.0000000000000000  0.0000000000000000  0.0000000000000000  0.0000000000000000  0.0000000000000000  0.0000000000000000  0.0000000000000000  0.0000000000000000  0.0000453999297625



  1.4141315764104976 -0.2393896794373858 -1.5259705647372820 -1.5763587037019490 -0.3406983730123832  0.3009212046303915  0.2714332174702435  0.3008672619853525  0.3633185258304854  0.3926444554587536  0.4911876684559969  0.6719301826270538
 -0.2393896794373858  0.0405715154772901  0.2583305104097993  0.2668606839965318  0.0576765957909562 -0.0509427430134500 -0.0459507314255918 -0.0509336095964540 -0.0615059457494908 -0.0664705012616915 -0.0831528118527565 -0.1137505971737649
 -1.5259705647372820  0.2583305104097993  1.6467527954714218  1.7010823113643430  0.3676548827369733 -0.3247304932592280 -0.2929093824531723 -0.3246722833635894 -0.3920647723830230 -0.4237110143503721 -0.5300510992770550 -0.7250941981678045
 -1.5763587037019490  0.2668606839965318  1.7010823113643430  1.7572981079032490  0.3797949895458449 -0.3354532197260436 -0.3025813622827596 -0.3353930875393704 -0.4050109031761968 -0.4377021150063765 -0.5475535904346438 -0.7490370890430400
 -0.3406983730123832  0.0576765957909562  0.3676548827369733  0.3797949895458449  0.0821304869265930 -0.0725014939985189 -0.0653968765907927 -0.0724884942423822 -0.0875350014088143 -0.0946005275140259 -0.1183427191833098 -0.1618893637169710
  0.3009212046303915 -0.0509427430134500 -0.3247304932592280 -0.3354532197260436 -0.0725014939985189  0.0640822149656495  0.0577617131515912  0.0640253385235909  0.0773151215235836  0.0835557745858765  0.1045260299612724  0.1429884898896441
  0.2714332174702435 -0.0459507314255918 -0.2929093824531723 -0.3025813622827596 -0.0653968765907927  0.0577617131515912  0.0521470583475821  0.0577513806544649  0.0697388079170439  0.0753680665911875  0.0942834273546176  0.1289767428886052
  0.3008672619853525 -0.0509336095964540 -0.3246722833635894 -0.3353930875393704 -0.0724884942423822  0.0640253385235909  0.0577513806544649  0.0640592667522176  0.0773012592609081  0.0835408138013168  0.1045073144497710  0.1429628631783183
  0.3633185258304854 -0.0615059457494908 -0.3920647723830230 -0.4050109031761968 -0.0875350014088143  0.0773151215235836  0.0697388079170439  0.0773012592609081  0.0933921546503365  0.1008813900773385  0.1261999095676084  0.1726377641091841
  0.3926444554587536 -0.0664705012616915 -0.4237110143503721 -0.4377021150063765 -0.0946005275140259  0.0835557745858765  0.0753680665911875  0.0835408138013168  0.1008813900773385  0.1090697468186173  0.1363865300483125  0.1865725802003206
  0.4911876684559969 -0.0831528118527565 -0.5300510992770550 -0.5475535904346438 -0.1183427191833098  0.1045260299612724  0.0942834273546176  0.1045073144497710  0.1261999095676084  0.1363865300483125  0.1706612862841548  0.2333972870701157
  0.6719301826270538 -0.1137505971737649 -0.7250941981678045 -0.7490370890430400 -0.1618893637169710  0.1429884898896441  0.1289767428886052  0.1429628631783183  0.1726377641091841  0.1865725802003206  0.2333972870701157  0.3193259300489576



  0.0000453999297625  0.0000000000000000  0.0000000000000000  0.0000000000000000  0.0000000000000000  0.0000000000000000  0.0000000000000000  0.0000000000000000  0.0000000000000000  0.0000000000000000  0.0000000000000000  0.0000000000000000
  0.0000000000000000  0.0000453999297625  0.0000000000000000  0.0000000000000000  0.0000000000000000  0.0000000000000000  0.0000000000000000  0.0000000000000000  0.0000000000000000  0.0000000000000000  0.0000000000000000  0.0000000000000000
  0.0000000000000000  0.0000000000000000  0.0000453999297625  0.0000000000000000  0.0000000000000000  0.0000000000000000  0.0000000000000000  0.0000000000000000  0.0000000000000000  0.0000000000000000  0.0000000000000000  0.0000000000000000
  0.0000000000000000  0.0000000000000000  0.0000000000000000  0.0000453999297625  0.0000000000000000  0.0000000000000000  0.0000000000000000  0.0000000000000000  0.0000000000000000  0.0000000000000000  0.0000000000000000  0.0000000000000000
  0.0000000000000000  0.0000000000000000  0.0000000000000000  0.0000000000000000  0.0000453999297625  0.0000000000000000  0.0000000000000000  0.0000000000000000  0.0000000000000000  0.0000000000000000  0.0000000000000000  0.0000000000000000
  0.0000000000000000  0.0000000000000000  0.0000000000000000  0.0000000000000000  0.0000000000000000  0.0000453999297625  0.0000000000000000  0.0000000000000000  0.0000000000000000  0.0000000000000000  0.0000000000000000  0.0000000000000000
  0.0000000000000000  0.0000000000000000  0.0000000000000000  0.0000000000000000  0.0000000000000000  0.0000000000000000  0.0000453999297625  0.0000000000000000  0.0000000000000000  0.0000000000000000  0.0000000000000000  0.0000000000000000
  0.0000000000000000  0.0000000000000000  0.0000000000000000  0.0000000000000000  0.0000000000000000  0.0000000000000000  0.0000000000000000  0.0000453999297625  0.0000000000000000  0.0000000000000000  0.0000000000000000  0.0000000000000000
  0.0000000000000000  0.0000000000000000  0.0000000000000000  0.0000000000000000  0.0000000000000000  0.0000000000000000  0.0000000000000000  0.0000000000000000  0.0000453999297625  0.0000000000000000  0.0000000000000000  0.0000000000000000
  0.0000000000000000  0.0000000000000000  0.0000000000000000  0.0000000000000000  0.0000000000000000  0.0000000000000000  0.0000000000000000  0.0000000000000000  0.0000000000000000  0.0000453999297625  0.0000000000000000  0.0000000000000000
  0.0000000000000000  0.0000000000000000  0.0000000000000000  0.0000000000000000  0.0000000000000000  0.0000000000000000  0.0000000000000000  0.0000000000000000  0.0000000000000000  0.0000000000000000  0.0000453999297625  0.0000000000000000
  0.0000000000000000  0.0000000000000000  0.0000000000000000  0.0000000000000000  0.0000000000000000  0.0000000000000000  0.0000000000000000  0.0000000000000000  0.0000000000000000  0.0000000000000000  0.0000000000000000  0.0000453999297625



  0.0000453999297625  0.0000000000000000  0.0000000000000000  0.0000000000000000  0.0000000000000000  0.0000000000000000  0.0000000000000000  0.0000000000000000  0.0000000000000000  0.0000000000000000  0.0000000000000000  0.0000000000000000
  0.0000000000000000  0.0000453999297625  0.0000000000000000  0.0000000000000000  0.0000000000000000  0.0000000000000000  0.0000000000000000  0.0000000000000000  0.0000000000000000  0.0000000000000000  0.0000000000000000  0.0000000000000000
  0.0000000000000000  0.0000000000000000  0.0000453999297625  0.0000000000000000  0.0000000000000000  0.0000000000000000  0.0000000000000000  0.0000000000000000  0.0000000000000000  0.0000000000000000  0.0000000000000000  0.0000000000000000
  0.0000000000000000  0.0000000000000000  0.0000000000000000  0.0000453999297625  0.0000000000000000  0.0000000000000000  0.0000000000000000  0.0000000000000000  0.0000000000000000  0.0000000000000000  0.0000000000000000  0.0000000000000000
  0.0000000000000000  0.0000000000000000  0.0000000000000000  0.0000000000000000  0.0000453999297625  0.0000000000000000  0.0000000000000000  0.0000000000000000  0.0000000000000000  0.0000000000000000  0.0000000000000000  0.0000000000000000
  0.0000000000000000  0.0000000000000000  0.0000000000000000  0.0000000000000000  0.0000000000000000  0.0000453999297625  0.0000000000000000  0.0000000000000000  0.0000000000000000  0.0000000000000000  0.0000000000000000  0.0000000000000000
  0.0000000000000000  0.0000000000000000  0.0000000000000000  0.0000000000000000  0.0000000000000000  0.0000000000000000  0.0000453999297625  0.0000000000000000  0.0000000000000000  0.0000000000000000  0.0000000000000000  0.0000000000000000
  0.0000000000000000  0.0000000000000000  0.0000000000000000  0.0000000000000000  0.0000000000000000  0.0000000000000000  0.0000000000000000  0.0000453999297625  0.0000000000000000  0.0000000000000000  0.0000000000000000  0.0000000000000000
  0.0000000000000000  0.0000000000000000  0.0000000000000000  0.0000000000000000  0.0000000000000000  0.0000000000000000  0.0000000000000000  0.0000000000000000  0.0000453999297625  0.0000000000000000  0.0000000000000000  0.0000000000000000
  0.0000000000000000  0.0000000000000000  0.0000000000000000  0.0000000000000000  0.0000000000000000  0.0000000000000000  0.0000000000000000  0.0000000000000000  0.0000000000000000  0.0000453999297625  0.0000000000000000  0.0000000000000000
  0.0000000000000000  0.0000000000000000  0.0000000000000000  0.0000000000000000  0.0000000000000000  0.0000000000000000  0.0000000000000000  0.0000000000000000  0.0000000000000000  0.0000000000000000  0.0000453999297625  0.0000000000000000
  0.0000000000000000  0.0000000000000000  0.0000000000000000  0.0000000000000000  0.0000000000000000  0.0000000000000000  0.0000000000000000  0.0000000000000000  0.0000000000000000  0.0000000000000000  0.0000000000000000  0.0000453999297625



  0.0000453999297625  0.0000000000000000  0.0000000000000000  0.0000000000000000  0.0000000000000000  0.0000000000000000  0.0000000000000000  0.0000000000000000  0.0000000000000000  0.0000000000000000  0.0000000000000000  0.0000000000000000
  0.0000000000000000  0.0000453999297625  0.0000000000000000  0.0000000000000000  0.0000000000000000  0.0000000000000000  0.0000000000000000  0.0000000000000000  0.0000000000000000  0.0000000000000000  0.0000000000000000  0.0000000000000000
  0.0000000000000000  0.0000000000000000  0.0000453999297625  0.0000000000000000  0.0000000000000000  0.0000000000000000  0.0000000000000000  0.0000000000000000  0.0000000000000000  0.0000000000000000  0.0000000000000000  0.0000000000000000
  0.0000000000000000  0.0000000000000000  0.0000000000000000  0.0000453999297625  0.0000000000000000  0.0000000000000000  0.0000000000000000  0.0000000000000000  0.0000000000000000  0.0000000000000000  0.0000000000000000  0.0000000000000000
  0.0000000000000000  0.0000000000000000  0.0000000000000000  0.0000000000000000  0.0000453999297625  0.0000000000000000  0.0000000000000000  0.0000000000000000  0.0000000000000000  0.0000000000000000  0.0000000000000000  0.0000000000000000
  0.0000000000000000  0.0000000000000000  0.0000000000000000  0.0000000000000000  0.0000000000000000  0.0000453999297625  0.0000000000000000  0.0000000000000000  0.0000000000000000  0.0000000000000000  0.0000000000000000  0.0000000000000000
  0.0000000000000000  0.0000000000000000  0.0000000000000000  0.0000000000000000  0.0000000000000000  0.0000000000000000  0.0000453999297625  0.0000000000000000  0.0000000000000000  0.0000000000000000  0.0000000000000000  0.0000000000000000
  0.0000000000000000  0.0000000000000000  0.0000000000000000  0.0000000000000000  0.0000000000000000  0.0000000000000000  0.0000000000000000  0.0000453999297625  0.0000000000000000  0.0000000000000000  0.0000000000000000  0.0000000000000000
  0.0000000000000000  0.0000000000000000  0.0000000000000000  0.0000000000000000  0.0000000000000000  0.0000000000000000  0.0000000000000000  0.0000000000000000  0.0000453999297625  0.0000000000000000  0.0000000000000000  0.0000000000000000
  0.0000000000000000  0.0000000000000000  0.0000000000000000  0.0000000000000000  0.0000000000000000  0.0000000000000000  0.0000000000000000  0.0000000000000000  0.0000000000000000  0.0000453999297625  0.0000000000000000  0.0000000000000000
  0.0000000000000000  0.0000000000000000  0.0000000000000000  0.0000000000000000  0.0000000000000000  0.0000000000000000  0.0000000000000000  0.0000000000000000  0.0000000000000000  0.0000000000000000  0.0000453999297625  0.0000000000000000
  0.0000000000000000  0.0000000000000000  0.0000000000000000  0.0000000000000000  0.0000000000000000  0.0000000000000000  0.0000000000000000  0.0000000000000000  0.0000000000000000  0.0000000000000000  0.0000000000000000  0.0000453999297625



  0.0000513215992725  0.0000132219483091 -0.0000082908034514 -0.0000215670438702  0.0000013930369487  0.0000199993619286  0.0000057004042973  0.0000052080722136 -0.0000101705420128  0.0000062860829549  0.0000006938746850  0.0000118543190014
  0.0000132219483091  0.0000749219955910 -0.0000185117684278 -0.0000481550580881  0.0000031103833973  0.0000446547260344  0.0000127279056746  0.0000116286228879 -0.0000227088628540  0.0000140356133953  0.0000015492886259  0.0000264684128034
 -0.0000082908034514 -0.0000185117684278  0.0000570077072234  0.0000301955591161 -0.0000019503613842 -0.0000280006809942 -0.0000079810147362 -0.0000072917110640  0.0000142395594147 -0.0000088010109599 -0.0000009714791789 -0.0000165969797410
 -0.0000215670438702 -0.0000481550580881  0.0000301955591161  0.0001239482817965 -0.0000050735166720 -0.0000728387687563 -0.0000207611838773 -0.0000189680835313  0.0000370416696514 -0.0000228942575455 -0.0000025271295108 -0.0000431740774325
  0.0000013930369487  0.0000031103833973 -0.0000019503613842 -0.0000050735166720  0.0000457276332821  0.0000047047289737  0.0000013409856452  0.0000012251674993 -0.0000023925585155  0.0000014787630083  0.0000001632298243  0.0000027886568716
  0.0000199993619286  0.0000446547260344 -0.0000280006809942 -0.0000728387687563  0.0000047047289737  0.0001129441378401  0.0000192520789092  0.0000175893168260 -0.0000343491561595  0.0000212301020712  0.0000023434355691  0.0000400358067476
  0.0000057004042973  0.0000127279056746 -0.0000079810147362 -0.0000207611838773  0.0000013409856452  0.0000192520789092  0.0000508873364976  0.0000050134708087 -0.0000097905162214  0.0000060512013088  0.0000006679478194  0.0000114113783052
  0.0000052080722136  0.0000116286228879 -0.0000072917110640 -0.0000189680835313  0.0000012251674993  0.0000175893168260  0.0000050134708087  0.0000499803975066 -0.0000089449296630  0.0000055285716156  0.0000006102585530  0.0000104258012539
 -0.0000101705420128 -0.0000227088628540  0.0000142395594147  0.0000370416696514 -0.0000023925585155 -0.0000343491561595 -0.0000097905162214 -0.0000089449296630  0.0000628679638464 -0.0000107964266971 -0.0000011917385162 -0.0000203599422820
  0.0000062860829549  0.0000140356133953 -0.0000088010109599 -0.0000228942575455  0.0000014787630083  0.0000212301020712  0.0000060512013088  0.0000055285716156 -0.0000107964266971  0.0000520728517906  0.0000007365750187  0.0000125838215880
  0.0000006938746850  0.0000015492886259 -0.0000009714791789 -0.0000025271295108  0.0000001632298243  0.0000023434355691  0.0000006679478194  0.0000006102585530 -0.0000011917385162  0.0000007365750187  0.0000454812348873  0.0000013890359550
  0.0000118543190014  0.0000264684128034 -0.0000165969797410 -0.0000431740774325  0.0000027886568716  0.0000400358067476  0.0000114113783052  0.0000104258012539 -0.0000203599422820  0.0000125838215880  0.0000013890359550  0.0000691305480872



  0.0000453999297625  0.0000000000000000  0.0000000000000000  0.0000000000000000  0.0000000000000000  0.0000000000000000  0.0000000000000000  0.0000000000000000  0.0000000000000000  0.0000000000000000  0.0000000000000000  0.0000000000000000
  0.0000000000000000  0.0000453999297625  0.0000000000000000  0.0000000000000000  0.0000000000000000  0.0000000000000000  0.0000000000000000  0.0000000000000000  0.0000000000000000  0.0000000000000000  0.0000000000000000  0.0000000000000000
  0.0000000000000000  0.0000000000000000  0.0000453999297625  0.0000000000000000  0.0000000000000000  0.0000000000000000  0.0000000000000000  0.0000000000000000  0.0000000000000000  0.0000000000000000  0.0000000000000000  0.0000000000000000
  0.0000000000000000  0.0000000000000000  0.0000000000000000  0.0000453999297625  0.0000000000000000  0.0000000000000000  0.0000000000000000  0.0000000000000000  0.0000000000000000  0.0000000000000000  0.0000000000000000  0.0000000000000000
  0.0000000000000000  0.0000000000000000  0.0000000000000000  0.0000000000000000  0.0000453999297625  0.0000000000000000  0.0000000000000000  0.0000000000000000  0.0000000000000000  0.0000000000000000  0.0000000000000000  0.0000000000000000
  0.0000000000000000  0.0000000000000000  0.0000000000000000  0.0000000000000000  0.0000000000000000  0.0000453999297625  0.0000000000000000  0.0000000000000000  0.0000000000000000  0.0000000000000000  0.0000000000000000  0.0000000000000000
  0.0000000000000000  0.0000000000000000  0.0000000000000000  0.0000000000000000  0.0000000000000000  0.0000000000000000  0.0000453999297625  0.0000000000000000  0.0000000000000000  0.0000000000000000  0.0000000000000000  0.0000000000000000
  0.0000000000000000  0.0000000000000000  0.0000000000000000  0.0000000000000000  0.0000000000000000  0.0000000000000000  0.0000000000000000  0.0000453999297625  0.0000000000000000  0.0000000000000000  0.0000000000000000  0.0000000000000000
  0.0000000000000000  0.0000000000000000  0.0000000000000000  0.0000000000000000  0.0000000000000000  0.0000000000000000  0.0000000000000000  0.0000000000000000  0.0000453999297625  0.0000000000000000  0.0000000000000000  0.0000000000000000
  0.0000000000000000  0.0000000000000000  0.0000000000000000  0.0000000000000000  0.0000000000000000  0.0000000000000000  0.0000000000000000  0.0000000000000000  0.0000000000000000  0.0000453999297625  0.0000000000000000  0.0000000000000000
  0.0000000000000000  0.0000000000000000  0.0000000000000000  0.0000000000000000  0.0000000000000000  0.0000000000000000  0.0000000000000000  0.0000000000000000  0.0000000000000000  0.0000000000000000  0.0000453999297625  0.0000000000000000
  0.0000000000000000  0.0000000000000000  0.0000000000000000  0.0000000000000000  0.0000000000000000  0.0000000000000000  0.0000000000000000  0.0000000000000000  0.0000000000000000  0.0000000000000000  0.0000000000000000  0.0000453999297625



  0.0000545698443520  0.0000333947640517  0.0000118492798922 -0.0000311307129581 -0.0000072985047550  0.0000112247644276 -0.0000067271603474 -0.0000176612136448 -0.0000166413441423 -0.0000157492637333 -0.0000115956689428  0.0000014002862167
  0.0000333947640517  0.0001670161405985  0.0000431524091438 -0.0001133710465726 -0.0000265795108388  0.0000408780644503 -0.0000244988031618 -0.0000643181631383 -0.0000606040280647 -0.0000573552720938 -0.0000422288151744  0.0000050995270846
  0.0000118492798922  0.0000431524091438  0.0000607114610305 -0.0000402268229961 -0.0000094310611938  0.0000145045380878 -0.0000086927751679 -0.0000228216589880 -0.0000215037929305 -0.0000203510547725 -0.0000149838175152  0.0000018094370617
 -0.0000311307129581 -0.0001133710465726 -0.0000402268229961  0.0001510848060847  0.0000247775106663 -0.0000381066711151  0.0000228378678726  0.0000599576110659  0.0000564952816815  0.0000534667802839  0.0000393658455475 -0.0000047537965427
 -0.0000072985047550 -0.0000265795108388 -0.0000094310611938  0.0000247775106663  0.0000512089447908 -0.0000089339977759  0.0000053542714388  0.0000140568868452  0.0000132451538306  0.0000125351305208  0.0000092292075450 -0.0000011145137189
  0.0000112247644276  0.0000408780644503  0.0000145045380878 -0.0000381066711151 -0.0000089339977759  0.0000591400071890 -0.0000082346230632 -0.0000216188450538 -0.0000203704370343 -0.0000192784538599 -0.0000141940964654  0.0000017140708085
 -0.0000067271603474 -0.0000244988031618 -0.0000086927751679  0.0000228378678726  0.0000053542714388 -0.0000082346230632  0.0000503350560276  0.0000129564801240  0.0000122082915112  0.0000115538505242  0.0000085067231054 -0.0000010272669195
 -0.0000176612136448 -0.0000643181631383 -0.0000228216589880  0.0000599576110659  0.0000140568868452 -0.0000216188450538  0.0000129564801240  0.0000794153466304  0.0000320511528612  0.0000303330100651  0.0000223332054572 -0.0000026969448621
 -0.0000166413441423 -0.0000606040280647 -0.0000215037929305  0.0000564952816815  0.0000132451538306 -0.0000203704370343  0.0000122082915112  0.0000320511528612  0.0000756002475690  0.0000285813913765  0.0000210435457771 -0.0000025412063115
 -0.0000157492637333 -0.0000573552720938 -0.0000203510547725  0.0000534667802839  0.0000125351305208 -0.0000192784538599  0.0000115538505242  0.0000303330100651  0.0000285813913765  0.0000724491793184  0.0000199154797529 -0.0000024049817165
 -0.0000115956689428 -0.0000422288151744 -0.0000149838175152  0.0000393658455475  0.0000092292075450 -0.0000141940964654  0.0000085067231054  0.0000223332054572  0.0000210435457771  0.0000199154797529  0.0000600630476049 -0.0000017707095563
  0.0000014002862167  0.0000050995270846  0.0000018094370617 -0.0000047537965427 -0.0000011145137189  0.0000017140708085 -0.0000010272669195 -0.0000026969448621 -0.0000025412063115 -0.0000024049817165 -0.0000017707095563  0.0000456137596155



  0.0000453999297625  0.0000000000000000  0.0000000000000000  0.0000000000000000  0.0000000000000000  0.0000000000000000  0.0000000000000000  0.0000000000000000  0.0000000000000000  0.0000000000000000  0.0000000000000000  0.0000000000000000
  0.0000000000000000  0.0000453999297625  0.0000000000000000  0.0000000000000000  0.0000000000000000  0.0000000000000000  0.0000000000000000  0.0000000000000000  0.0000000000000000  0.0000000000000000  0.0000000000000000  0.0000000000000000
  0.0000000000000000  0.0000000000000000  0.0000453999297625  0.0000000000000000  0.0000000000000000  0.0000000000000000  0.0000000000000000  0.0000000000000000  0.0000000000000000  0.0000000000000000  0.0000000000000000  0.0000000000000000
  0.0000000000000000  0.0000000000000000  0.0000000000000000  0.0000453999297625  0.0000000000000000  0.0000000000000000  0.0000000000000000  0.0000000000000000  0.0000000000000000  0.0000000000000000  0.0000000000000000  0.0000000000000000
  0.0000000000000000  0.0000000000000000  0.0000000000000000  0.0000000000000000  0.0000453999297625  0.0000000000000000  0.0000000000000000  0.0000000000000000  0.0000000000000000  0.0000000000000000  0.0000000000000000  0.0000000000000000
  0.0000000000000000  0.0000000000000000  0.0000000000000000  0.0000000000000000  0.0000000000000000  0.0000453999297625  0.0000000000000000  0.0000000000000000  0.0000000000000000  0.0000000000000000  0.0000000000000000  0.0000000000000000
  0.0000000000000000  0.0000000000000000  0.0000000000000000  0.0000000000000000  0.0000000000000000  0.0000000000000000  0.0000453999297625  0.0000000000000000  0.0000000000000000  0.0000000000000000  0.0000000000000000  0.0000000000000000
  0.0000000000000000  0.0000000000000000  0.0000000000000000  0.0000000000000000  0.0000000000000000  0.0000000000000000  0.0000000000000000  0.0000453999297625  0.0000000000000000  0.0000000000000000  0.0000000000000000  0.0000000000000000
  0.0000000000000000  0.0000000000000000  0.0000000000000000  0.0000000000000000  0.0000000000000000  0.0000000000000000  0.0000000000000000  0.0000000000000000  0.0000453999297625  0.0000000000000000  0.0000000000000000  0.0000000000000000
  0.0000000000000000  0.0000000000000000  0.0000000000000000  0.0000000000000000  0.0000000000000000  0.0000000000000000  0.0000000000000000  0.0000000000000000  0.0000000000000000  0.0000453999297625  0.0000000000000000  0.0000000000000000
  0.0000000000000000  0.0000000000000000  0.0000000000000000  0.0000000000000000  0.0000000000000000  0.0000000000000000  0.0000000000000000  0.0000000000000000  0.0000000000000000  0.0000000000000000  0.0000453999297625  0.0000000000000000
  0.0000000000000000  0.0000000000000000  0.0000000000000000  0.0000000000000000  0.0000000000000000  0.0000000000000000  0.0000000000000000  0.0000000000000000  0.0000000000000000  0.0000000000000000  0.0000000000000000  0.0000453999297625



  0.0000453999297625  0.0000000000000000  0.0000000000000000  0.0000000000000000  0.0000000000000000  0.0000000000000000  0.0000000000000000  0.0000000000000000  0.0000000000000000  0.0000000000000000  0.0000000000000000  0.0000000000000000
  0.0000000000000000  0.0000453999297625  0.0000000000000000  0.0000000000000000  0.0000000000000000  0.0000000000000000  0.0000000000000000  0.0000000000000000  0.0000000000000000  0.0000000000000000  0.0000000000000000  0.0000000000000000
  0.0000000000000000  0.0000000000000000  0.0000453999297625  0.0000000000000000  0.0000000000000000  0.0000000000000000  0.0000000000000000  0.0000000000000000  0.0000000000000000  0.0000000000000000  0.0000000000000000  0.0000000000000000
  0.0000000000000000  0.0000000000000000  0.0000000000000000  0.0000453999297625  0.0000000000000000  0.0000000000000000  0.0000000000000000  0.0000000000000000  0.0000000000000000  0.0000000000000000  0.0000000000000000  0.0000000000000000
  0.0000000000000000  0.0000000000000000  0.0000000000000000  0.0000000000000000  0.0000453999297625  0.0000000000000000  0.0000000000000000  0.0000000000000000  0.0000000000000000  0.0000000000000000  0.0000000000000000  0.0000000000000000
  0.0000000000000000  0.0000000000000000  0.0000000000000000  0.0000000000000000  0.0000000000000000  0.0000453999297625  0.0000000000000000  0.0000000000000000  0.0000000000000000  0.0000000000000000  0.0000000000000000  0.0000000000000000
  0.0000000000000000  0.0000000000000000  0.0000000000000000  0.0000000000000000  0.0000000000000000  0.0000000000000000  0.0000453999297625  0.0000000000000000  0.0000000000000000  0.0000000000000000  0.0000000000000000  0.0000000000000000
  0.0000000000000000  0.0000000000000000  0.0000000000000000  0.0000000000000000  0.0000000000000000  0.0000000000000000  0.0000000000000000  0.0000453999297625  0.0000000000000000  0.0000000000000000  0.0000000000000000  0.0000000000000000
  0.0000000000000000  0.0000000000000000  0.0000000000000000  0.0000000000000000  0.0000000000000000  0.0000000000000000  0.0000000000000000  0.0000000000000000  0.0000453999297625  0.0000000000000000  0.0000000000000000  0.0000000000000000
  0.0000000000000000  0.0000000000000000  0.0000000000000000  0.0000000000000000  0.0000000000000000  0.0000000000000000  0.0000000000000000  0.0000000000000000  0.0000000000000000  0.0000453999297625  0.0000000000000000  0.0000000000000000
  0.0000000000000000  0.0000000000000000  0.0000000000000000  0.0000000000000000  0.0000000000000000  0.0000000000000000  0.0000000000000000  0.0000000000000000  0.0000000000000000  0.0000000000000000  0.0000453999297625  0.0000000000000000
  0.0000000000000000  0.0000000000000000  0.0000000000000000  0.0000000000000000  0.0000000000000000  0.0000000000000000  0.0000000000000000  0.0000000000000000  0.0000000000000000  0.0000000000000000  0.0000000000000000  0.0000453999297625



  0.5273434764309308 -0.1778821606196182 -0.6697854715824434 -0.1826783489999629 -0.6846552551446567  0.4420285253389462  0.0461492936271369  0.1261674135064173 -0.0796684471985235  0.9389992920884727 -0.6248625280919173 -0.0596831088533684
 -0.1778821606196182  0.0600533830244405  0.2259497911377450  0.0616258400994319  0.2309661122682519 -0.1491168424062423 -0.0155683355811391 -0.0425621592994844  0.0268758350990406 -0.3167682605585935  0.2107952863372993  0.0201338811025175
 -0.6697854715824434  0.2259497911377450  0.8508214567971554  0.2320420005432463  0.8696639846702627 -0.5614742426573419 -0.0586198389192827 -0.1602605920828781  0.1011965882682450 -1.1927373142169346  0.7937139684036879  0.0758107806495507
 -0.1826783489999629  0.0616258400994319  0.2320420005432463  0.0633329685741659  0.2371934681432009 -0.1531373014930376 -0.0159880321423170 -0.0437097016025895  0.0276005571465602 -0.3253089154506595  0.2164786960871907  0.0206767595453346
 -0.6846552551446567  0.2309661122682519  0.8696639846702627  0.2371934681432009  0.8890166851270588 -0.5739394868888034 -0.0599212759829933 -0.1638185288729008  0.1034432028244451 -1.2192171741237297  0.8113351528382530  0.0774938358408665
  0.4420285253389462 -0.1491168424062423 -0.5614742426573419 -0.1531373014930376 -0.5739394868888034  0.3705934172978080  0.0386865128494305  0.1057648652312202 -0.0667851940074738  0.7871535508910702 -0.5238159086985699 -0.0500317253678954
  0.0461492936271369 -0.0155683355811391 -0.0586198389192827 -0.0159880321423170 -0.0599212759829933  0.0386865128494305  0.0040844190419199  0.0110422251317885 -0.0069725870190858  0.0821815895826457 -0.0546882207877189 -0.0052234806758685
  0.1261674135064173 -0.0425621592994844 -0.1602605920828781 -0.0437097016025895 -0.1638185288729008  0.1057648652312202  0.0110422251317885  0.0302336787717512 -0.0190623756940957  0.2246758453868577 -0.1495118488442024 -0.0142804655533846
 -0.0796684471985235  0.0268758350990406  0.1011965882682450  0.0276005571465602  0.1034432028244451 -0.0667851940074738 -0.0069725870190858 -0.0190623756940957  0.0120823745858593 -0.1418715032641560  0.0944092094716324  0.0090174097988896
  0.9389992920884727 -0.3167682605585935 -1.1927373142169346 -0.3253089154506595 -1.2192171741237297  0.7871535508910702  0.0821815895826457  0.2246758453868577 -0.1418715032641560  1.6721922845967305 -1.1127398691468144 -0.1062821792775499
 -0.6248625280919173  0.2107952863372993  0.7937139684036879  0.2164786960871907  0.8113351528382530 -0.5238159086985699 -0.0546882207877189 -0.1495118488442024  0.0944092094716324 -1.1127398691468144  0.7405246186471313  0.0707260919246216
 -0.0596831088533684  0.0201338811025175  0.0758107806495507  0.0206767595453346  0.0774938358408665 -0.0500317253678954 -0.0052234806758685 -0.0142804655533846  0.0090174097988896 -0.1062821792775499  0.0707260919246216  0.0068007325472633



  0.0000453999297625  0.0000000000000000  0.0000000000000000  0.0000000000000000  0.0000000000000000  0.0000000000000000  0.0000000000000000  0.0000000000000000  0.0000000000000000  0.0000000000000000  0.0000000000000000  0.0000000000000000
  0.0000000000000000  0.0000453999297625  0.0000000000000000  0.0000000000000000  0.0000000000000000  0.0000000000000000  0.0000000000000000  0.0000000000000000  0.0000000000000000  0.0000000000000000  0.0000000000000000  0.0000000000000000
  0.0000000000000000  0.0000000000000000  0.0000453999297625  0.0000000000000000  0.0000000000000000  0.0000000000000000  0.0000000000000000  0.0000000000000000  0.0000000000000000  0.0000000000000000  0.0000000000000000  0.0000000000000000
  0.0000000000000000  0.0000000000000000  0.0000000000000000  0.0000453999297625  0.0000000000000000  0.0000000000000000  0.0000000000000000  0.0000000000000000  0.0000000000000000  0.0000000000000000  0.0000000000000000  0.0000000000000000
  0.0000000000000000  0.0000000000000000  0.0000000000000000  0.0000000000000000  0.0000453999297625  0.0000000000000000  0.0000000000000000  0.0000000000000000  0.0000000000000000  0.0000000000000000  0.0000000000000000  0.0000000000000000
  0.0000000000000000  0.0000000000000000  0.0000000000000000  0.0000000000000000  0.0000000000000000  0.0000453999297625  0.0000000000000000  0.0000000000000000  0.0000000000000000  0.0000000000000000  0.0000000000000000  0.0000000000000000
  0.0000000000000000  0.0000000000000000  0.0000000000000000  0.0000000000000000  0.0000000000000000  0.0000000000000000  0.0000453999297625  0.0000000000000000  0.0000000000000000  0.0000000000000000  0.0000000000000000  0.0000000000000000
  0.0000000000000000  0.0000000000000000  0.0000000000000000  0.0000000000000000  0.0000000000000000  0.0000000000000000  0.0000000000000000  0.0000453999297625  0.0000000000000000  0.0000000000000000  0.0000000000000000  0.0000000000000000
