
  0.0000827079749074  0.0000503379854379 -0.0000081305582337 -0.0000101692471325 -0.0000284091045430 -0.0000038456570959 -0.0000459611536119  0.0000240701671343 -0.0000184800576908  0.0000274802260098  0.0000049180541205 -0.0000120558978007
  0.0000503379854379  0.0001133185989958 -0.0000109701786941 -0.0000137208854573 -0.0000383310646599 -0.0000051887637141 -0.0000620132165123  0.0000324767410886 -0.0000249342701103  0.0000370777726717  0.0000066356984328 -0.0000162664542078
 -0.0000081305582337 -0.0000109701786941  0.0000471718257955  0.0000022161883766  0.0000061912083025  0.0000008380856955  0.0000100163338625 -0.0000052456218175  0.0000040273668758 -0.0000059887774066 -0.0000010717936377  0.0000026273469636
 -0.0000101692471325 -0.0000137208854573  0.0000022161883766  0.0000481718141333  0.0000077436167933  0.0000010482306763  0.0000125278697332 -0.0000065609301468  0.0000050372050573 -0.0000074904275597 -0.0000013405394887  0.0000032861385169
 -0.0000284091045430 -0.0000383310646599  0.0000061912083025  0.0000077436167933  0.0000670327228450  0.0000029283677032  0.0000349982212363 -0.0000183288052705  0.0000140720825457 -0.0000209254762758 -0.0000037449701026  0.0000091802521319
 -0.0000038456570959 -0.0000051887637141  0.0000008380856955  0.0000010482306763  0.0000029283677032  0.0000457963343032  0.0000047376064823 -0.0000024811165709  0.0000019048965100 -0.0000028326203032 -0.0000005069456106  0.0000012427037853
 -0.0000459611536119 -0.0000620132165123  0.0000100163338625  0.0000125278697332  0.0000349982212363  0.0000047376064823  0.0001020211660973 -0.0000296529245858  0.0000227662630670 -0.0000338539015920 -0.0000060587318372  0.0000148521041131
  0.0000240701671343  0.0000324767410886 -0.0000052456218175 -0.0000065609301468 -0.0000183288052705 -0.0000024811165709 -0.0000296529245858  0.0000609293670091 -0.0000119228460119  0.0000177295173300  0.0000031729988584 -0.0000077781474181
 -0.0000184800576908 -0.0000249342701103  0.0000040273668758  0.0000050372050573  0.0000140720825457  0.0000019048965100  0.0000227662630670 -0.0000119228460119  0.0000545537873535 -0.0000136119745767 -0.0000024360945078  0.0000059717330674
  0.0000274802260098  0.0000370777726717 -0.0000059887774066 -0.0000074904275597 -0.0000209254762758 -0.0000028326203032 -0.0000338539015920  0.0000177295173300 -0.0000136119745767  0.0000656412160217  0.0000036225226552 -0.0000088800899385
  0.0000049180541205  0.0000066356984328 -0.0000010717936377 -0.0000013405394887 -0.0000037449701026 -0.0000005069456106 -0.0000060587318372  0.0000031729988584 -0.0000024360945078  0.0000036225226552  0.0000460482418420 -0.0000015892432215
 -0.0000120558978007 -0.0000162664542078  0.0000026273469636  0.0000032861385169  0.0000091802521319  0.0000012427037853  0.0000148521041131 -0.0000077781474181  0.0000059717330674 -0.0000088800899385 -0.0000015892432215  0.0000492957294812



  0.0279914177952752 -0.0264959395246963 -0.1842494714783411  0.2917457721596405  0.0713415952672575  0.1042245611918921  0.0187010248156917  0.0245277838822836  0.1569784340488364 -0.0588320149624602  0.0918652954508237 -0.1615253228774378
 -0.0264959395246963  0.0251665106852880  0.1746891796146660 -0.2766076852352104 -0.0676397946682060 -0.0988165139480010 -0.0177306804076245 -0.0232550943914165 -0.1488331548964685  0.0557793359980154 -0.0870985997129344  0.1531441035253106
 -0.1842494714783411  0.1746891796146660  1.2148142344932210 -1.9234978958395480 -0.4703588820649008 -0.6871579520486057 -0.1232972834897593 -0.1617133311370578 -1.0349686822853414  0.3878829658953863 -0.6056736726083490  1.0649463648105760
  0.2917457721596405 -0.2766076852352104 -1.9234978958395480  3.0457644962411896  0.7447793394370331  1.0880650365665630  0.1952321869225489  0.2560612548641246  1.6387976130216009 -0.6141845325849911  0.9590401949310348 -1.6862651801303656
  0.0713415952672575 -0.0676397946682060 -0.4703588820649008  0.7447793394370331  0.1821687973922924  0.2660682149610204  0.0477406851673283  0.0626154396072351  0.4007403343397856 -0.1501885209570140  0.2345171138014952 -0.4123477810769218
  0.1042245611918921 -0.0988165139480010 -0.6871579520486057  1.0880650365665630  0.2660682149610204  0.3887505095000719  0.0697454456762211  0.0914763142153933  0.5854506446652017 -0.2194138205421814  0.3426113711468950 -0.6024082309465687
  0.0187010248156917 -0.0177306804076245 -0.1232972834897593  0.1952321869225489  0.0477406851673283  0.0697454456762211  0.0125599098446891  0.0164136727685398  0.1050477995182584 -0.0393695368240206  0.0614749876182019 -0.1080904739741836
  0.0245277838822836 -0.0232550943914165 -0.1617133311370578  0.2560612548641246  0.0626154396072351  0.0914763142153933  0.0164136727685398  0.0215731190773320  0.1377778395628736 -0.0516360298898486  0.0806289229897564 -0.1417685463633744
  0.1569784340488364 -0.1488331548964685 -1.0349686822853414  1.6387976130216009  0.4007403343397856  0.5854506446652017  0.1050477995182584  0.1377778395628736  0.8818265363698103 -0.3304717504855115  0.5160268399143895 -0.9073218026174088
 -0.0588320149624602  0.0557793359980154  0.3878829658953863 -0.6141845325849911 -0.1501885209570140 -0.2194138205421814 -0.0393695368240206 -0.0516360298898486 -0.3304717504855115  0.1238987983495083 -0.1933952606744881  0.3400438347188708
  0.0918652954508237 -0.0870985997129344 -0.6056736726083490  0.9590401949310348  0.2345171138014952  0.3426113711468950  0.0614749876182019  0.0806289229897564  0.5160268399143895 -0.1933952606744881  0.3020292919832188 -0.5309734840529771
 -0.1615253228774378  0.1531441035253106  1.0649463648105760 -1.6862651801303656 -0.4123477810769218 -0.6024082309465687 -0.1080904739741836 -0.1417685463633744 -0.9073218026174088  0.3400438347188708 -0.5309734840529771  0.9336476699316324



  0.0000453999297625  0.0000000000000000  0.0000000000000000  0.0000000000000000  0.0000000000000000  0.0000000000000000  0.0000000000000000  0.0000000000000000  0.0000000000000000  0.0000000000000000  0.0000000000000000  0.0000000000000000
  0.0000000000000000  0.0000453999297625  0.0000000000000000  0.0000000000000000  0.0000000000000000  0.0000000000000000  0.0000000000000000  0.0000000000000000  0.0000000000000000  0.0000000000000000  0.0000000000000000  0.0000000000000000
  0.0000000000000000  0.0000000000000000  0.0000453999297625  0.0000000000000000  0.0000000000000000  0.0000000000000000  0.0000000000000000  0.0000000000000000  0.0000000000000000  0.0000000000000000  0.0000000000000000  0.0000000000000000
  0.0000000000000000  0.0000000000000000  0.0000000000000000  0.0000453999297625  0.0000000000000000  0.0000000000000000  0.0000000000000000  0.0000000000000000  0.0000000000000000  0.0000000000000000  0.0000000000000000  0.0000000000000000
  0.0000000000000000  0.0000000000000000  0.0000000000000000  0.0000000000000000  0.0000453999297625  0.0000000000000000  0.0000000000000000  0.0000000000000000  0.0000000000000000  0.0000000000000000  0.0000000000000000  0.0000000000000000
  0.0000000000000000  0.0000000000000000  0.0000000000000000  0.0000000000000000  0.0000000000000000  0.0000453999297625  0.0000000000000000  0.0000000000000000  0.0000000000000000  0.0000000000000000  0.0000000000000000  0.0000000000000000
  0.0000000000000000  0.0000000000000000  0.0000000000000000  0.0000000000000000  0.0000000000000000  0.0000000000000000  0.0000453999297625  0.0000000000000000  0.0000000000000000  0.0000000000000000  0.0000000000000000  0.0000000000000000
  0.0000000000000000  0.0000000000000000  0.0000000000000000  0.0000000000000000  0.0000000000000000  0.0000000000000000  0.0000000000000000  0.0000453999297625  0.0000000000000000  0.0000000000000000  0.0000000000000000  0.0000000000000000
  0.0000000000000000  0.0000000000000000  0.0000000000000000  0.0000000000000000  0.0000000000000000  0.0000000000000000  0.0000000000000000  0.0000000000000000  0.0000453999297625  0.0000000000000000  0.0000000000000000  0.0000000000000000
  0.0000000000000000  0.0000000000000000  0.0000000000000000  0.0000000000000000  0.0000000000000000  0.0000000000000000  0.0000000000000000  0.0000000000000000  0.0000000000000000  0.0000453999297625  0.0000000000000000  0.0000000000000000
  0.0000000000000000  0.0000000000000000  0.0000000000000000  0.0000000000000000  0.0000000000000000  0.0000000000000000  0.0000000000000000  0.0000000000000000  0.0000000000000000  0.0000000000000000  0.0000453999297625  0.0000000000000000
  0.0000000000000000  0.0000000000000000  0.0000000000000000  0.0000000000000000  0.0000000000000000  0.0000000000000000  0.0000000000000000  0.0000000000000000  0.0000000000000000  0.0000000000000000  0.0000000000000000  0.0000453999297625



  0.0000510684649533 -0.0000235516675623  0.0000033501522473 -0.0000147900092805 -0.0000119055468857  0.0000097536549365 -0.0000202524918971  0.0000173836943150 -0.0000158465490400 -0.0000063928048511 -0.0000059945417995  0.0000046620303055
 -0.0000235516675623  0.0001432525541698 -0.0000139192347503  0.0000614496285357  0.0000494652450698 -0.0000405245501440  0.0000841451874980 -0.0000722258882992  0.0000658393469277  0.0000265608679447  0.0000249061619798 -0.0000193698343972
  0.0000033501522473 -0.0000139192347503  0.0000473798980792 -0.0000087410205918 -0.0000070362789172  0.0000057644925726 -0.0000119693940248  0.0000102739103869 -0.0000093654445269 -0.0000037782017430 -0.0000035428249107  0.0000027552993462
 -0.0000147900092805  0.0000614496285357 -0.0000087410205918  0.0000839891538129  0.0000310632540862 -0.0000254486639271  0.0000528416130496 -0.0000453565147949  0.0000413458855728  0.0000166797311638  0.0000156406065875 -0.0000121638958149
 -0.0000119055468857  0.0000494652450698 -0.0000070362789172  0.0000310632540862  0.0000704049869557 -0.0000204854679816  0.0000425360315703 -0.0000365107352689  0.0000332822900841  0.0000134267205413  0.0000125902541045 -0.0000097915984494
  0.0000097536549365 -0.0000405245501440  0.0000057644925726 -0.0000254486639271 -0.0000204854679816  0.0000621827107489 -0.0000348477712354  0.0000299115291981 -0.0000272666158131 -0.0000109998810089 -0.0000103146033758  0.0000080217963500
 -0.0000202524918971  0.0000841451874980 -0.0000119693940248  0.0000528416130496  0.0000425360315703 -0.0000348477712354  0.0001177578519128 -0.0000621083077736  0.0000566164088651  0.0000228401560699  0.0000214172453967 -0.0000166564602333
  0.0000173836943150 -0.0000722258882992  0.0000102739103869 -0.0000453565147949 -0.0000365107352689  0.0000299115291981 -0.0000621083077736  0.0000987104972839 -0.0000485966047993 -0.0000196048117557 -0.0000183834586349  0.0000142970462369
 -0.0000158465490400  0.0000658393469277 -0.0000093654445269  0.0000413458855728  0.0000332822900841 -0.0000272666158131  0.0000566164088651 -0.0000485966047993  0.0000896994018525  0.0000178712651797  0.0000167579096540 -0.0000130328364164
 -0.0000063928048511  0.0000265608679447 -0.0000037782017430  0.0000166797311638  0.0000134267205413 -0.0000109998810089  0.0000228401560699 -0.0000196048117557  0.0000178712651797  0.0000526095443257  0.0000067604653770 -0.0000052576986734
 -0.0000059945417995  0.0000249061619798 -0.0000035428249107  0.0000156406065875  0.0000125902541045 -0.0000103146033758  0.0000214172453967 -0.0000183834586349  0.0000167579096540  0.0000067604653770  0.0000517392273370 -0.0000049301511936
  0.0000046620303055 -0.0000193698343972  0.0000027552993462 -0.0000121638958149 -0.0000097915984494  0.0000080217963500 -0.0000166564602333  0.0000142970462369 -0.0000130328364164 -0.0000052576986734 -0.0000049301511936  0.0000492341701505



  0.0707905821946218  0.0284859302895289 -0.1933381693437302 -0.0554191165802007  0.0724677788393593 -0.0414561688890829 -0.0125834411087542 -0.4092696597220780  0.0203251730303715  0.2878466941955195  0.0288325566609432  0.2050785849656572
  0.0284859302895289  0.0115161022883274 -0.0778491960037984 -0.0223154497573087  0.0291795049760982 -0.0166924714513569 -0.0050659658278503 -0.1647963784528841  0.0081842937892769  0.1159041104601372  0.0116101981263406  0.0825772291758327
 -0.1933381693437302 -0.0778491960037984  0.5284160407674582  0.1514543553132427 -0.1980457911955666  0.1132947174638755  0.0343884053835246  1.1184866579797417 -0.0555464776637645 -0.7866516244691255 -0.0787964260511474 -0.5604563390484368
 -0.0554191165802007 -0.0223154497573087  0.1514543553132427  0.0434592527486319 -0.0567684983794113  0.0324751305103771  0.0098566247725530  0.3206080885193218 -0.0159222126874314 -0.2254892907313343 -0.0225869136091078 -0.1606520009968225
  0.0724677788393593  0.0291795049760982 -0.1980457911955666 -0.0567684983794113  0.0742777214996058 -0.0424656025011259 -0.0128898849480613 -0.4192349985070234  0.0208200630139801  0.2948555034494293  0.0295345756285422  0.2100720395699284
 -0.0414561688890829 -0.0166924714513569  0.1132947174638755  0.0324751305103771 -0.0424656025011259  0.0243384263695594  0.0073739010104889  0.2398288825286716 -0.0119103763792400 -0.1686759717303745 -0.0168956006673131 -0.1201744372152532
 -0.0125834411087542 -0.0050659658278503  0.0343884053835246  0.0098566247725530 -0.0128898849480613  0.0073739010104889  0.0022846039512097  0.0727946884189968 -0.0036149342202386 -0.0511979769158853 -0.0051277103503901 -0.0364758441367359
 -0.4092696597220780 -0.1647963784528841  1.1184866579797417  0.3206080885193218 -0.4192349985070234  0.2398288825286716  0.0727946884189968  2.3677255555994670 -0.1175842864769010 -1.6652315802501658 -0.1668014653372339 -1.1864081629970396
  0.0203251730303715  0.0081842937892769 -0.0555464776637645 -0.0159222126874314  0.0208200630139801 -0.0119103763792400 -0.0036149342202386 -0.1175842864769010  0.0058849386735497  0.0826990871209181  0.0082838523146539  0.0589197666941325
  0.2878466941955195  0.1159041104601372 -0.7866516244691255 -0.2254892907313343  0.2948555034494293 -0.1686759717303745 -0.0511979769158853 -1.6652315802501658  0.0826990871209181  1.1712324269052818  0.1173143392287304  0.8344218978765099
  0.0288325566609432  0.0116101981263406 -0.0787964260511474 -0.0225869136091078  0.0295345756285422 -0.0168956006673131 -0.0051277103503901 -0.1668014653372339  0.0082838523146539  0.1173143392287304  0.0117968003880421  0.0835819075783743
  0.2050785849656572  0.0825772291758327 -0.5604563390484368 -0.1606520009968225  0.2100720395699284 -0.1201744372152532 -0.0364758441367359 -1.1864081629970396  0.0589197666941325  0.8344218978765099  0.0835819075783743  0.5945364952854941



  0.0000453999297625  0.0000000000000000  0.0000000000000000  0.0000000000000000  0.0000000000000000  0.0000000000000000  0.0000000000000000  0.0000000000000000  0.0000000000000000  0.0000000000000000  0.0000000000000000  0.0000000000000000
  0.0000000000000000  0.0000453999297625  0.0000000000000000  0.0000000000000000  0.0000000000000000  0.0000000000000000  0.0000000000000000  0.0000000000000000  0.0000000000000000  0.0000000000000000  0.0000000000000000  0.0000000000000000
  0.0000000000000000  0.0000000000000000  0.0000453999297625  0.0000000000000000  0.0000000000000000  0.0000000000000000  0.0000000000000000  0.0000000000000000  0.0000000000000000  0.0000000000000000  0.0000000000000000  0.0000000000000000
  0.0000000000000000  0.0000000000000000  0.0000000000000000  0.0000453999297625  0.0000000000000000  0.0000000000000000  0.0000000000000000  0.0000000000000000  0.0000000000000000  0.0000000000000000  0.0000000000000000  0.0000000000000000
  0.0000000000000000  0.0000000000000000  0.0000000000000000  0.0000000000000000  0.0000453999297625  0.0000000000000000  0.0000000000000000  0.0000000000000000  0.0000000000000000  0.0000000000000000  0.0000000000000000  0.0000000000000000
  0.0000000000000000  0.0000000000000000  0.0000000000000000  0.0000000000000000  0.0000000000000000  0.0000453999297625  0.0000000000000000  0.0000000000000000  0.0000000000000000  0.0000000000000000  0.0000000000000000  0.0000000000000000
  0.0000000000000000  0.0000000000000000  0.0000000000000000  0.0000000000000000  0.0000000000000000  0.0000000000000000  0.0000453999297625  0.0000000000000000  0.0000000000000000  0.0000000000000000  0.0000000000000000  0.0000000000000000
  0.0000000000000000  0.0000000000000000  0.0000000000000000  0.0000000000000000  0.0000000000000000  0.0000000000000000  0.0000000000000000  0.0000453999297625  0.0000000000000000  0.0000000000000000  0.0000000000000000  0.0000000000000000
  0.0000000000000000  0.0000000000000000  0.0000000000000000  0.0000000000000000  0.0000000000000000  0.0000000000000000  0.0000000000000000  0.0000000000000000  0.0000453999297625  0.0000000000000000  0.0000000000000000  0.0000000000000000
  0.0000000000000000  0.0000000000000000  0.0000000000000000  0.0000000000000000  0.0000000000000000  0.0000000000000000  0.0000000000000000  0.0000000000000000  0.0000000000000000  0.0000453999297625  0.0000000000000000  0.0000000000000000
  0.0000000000000000  0.0000000000000000  0.0000000000000000  0.0000000000000000  0.0000000000000000  0.0000000000000000  0.0000000000000000  0.0000000000000000  0.0000000000000000  0.0000000000000000  0.0000453999297625  0.0000000000000000
  0.0000000000000000  0.0000000000000000  0.0000000000000000  0.0000000000000000  0.0000000000000000  0.0000000000000000  0.0000000000000000  0.0000000000000000  0.0000000000000000  0.0000000000000000  0.0000000000000000  0.0000453999297625



  0.0000492255355666 -0.0000015737385625  0.0000148910175529 -0.0000096464681676 -0.0000025754634976 -0.0000130004904010 -0.0000119749694960 -0.0000031698358939 -0.0000117974178711  0.0000067786277833 -0.0000149056312293  0.0000035307298222
 -0.0000015737385625  0.0000460473182259 -0.0000061257143986  0.0000039682653479  0.0000010594678150  0.0000053480086875  0.0000049261403933  0.0000013039746483  0.0000048531010230 -0.0000027885225216  0.0000061317260233 -0.0000014524354989
  0.0000148910175529 -0.0000061257143986  0.0001033626198865 -0.0000375484914446 -0.0000100248886353 -0.0000506038888139 -0.0000466120897162 -0.0000123384594110 -0.0000459209771190  0.0000263855374740 -0.0000580195732747  0.0000137432245893
 -0.0000096464681676  0.0000039682653479 -0.0000375484914446  0.0000697240114562  0.0000064941679614  0.0000327814268476  0.0000301955214325  0.0000079929095189  0.0000297478155826 -0.0000170926698879  0.0000375853406056 -0.0000089029227217
 -0.0000025754634976  0.0000010594678150 -0.0000100248886353  0.0000064941679614  0.0000471337759994  0.0000087521533040  0.0000080617550267  0.0000021339879371  0.0000079422242249 -0.0000045634885854  0.0000100347268131 -0.0000023769479247
 -0.0000130004904010  0.0000053480086875 -0.0000506038888139  0.0000327814268476  0.0000087521533040  0.0000895792726744  0.0000406943328602  0.0000107719987949  0.0000400909622273 -0.0000230356941987  0.0000506535502189 -0.0000119984184236
 -0.0000119749694960  0.0000049261403933 -0.0000466120897162  0.0000301955214325  0.0000080617550267  0.0000406943328602  0.0000828841614823  0.0000099222685454  0.0000369284569219 -0.0000212185638265  0.0000466578336683 -0.0000110519442106
 -0.0000031698358939  0.0000013039746483 -0.0000123384594110  0.0000079929095189  0.0000021339879371  0.0000107719987949  0.0000099222685454  0.0000480264051781  0.0000097751521036 -0.0000056166627612  0.0000123505680699 -0.0000029255063629
 -0.0000117974178711  0.0000048531010230 -0.0000459209771190  0.0000297478155826  0.0000079422242249  0.0000400909622273  0.0000369284569219  0.0000097751521036  0.0000817808523016 -0.0000209039583916  0.0000459660428303 -0.0000108880781854
  0.0000067786277833 -0.0000027885225216  0.0000263855374740 -0.0000170926698879 -0.0000045634885854 -0.0000230356941987 -0.0000212185638265 -0.0000056166627612 -0.0000209039583916  0.0000574110456425 -0.0000264114315880  0.0000062561341898
 -0.0000149056312293  0.0000061317260233 -0.0000580195732747  0.0000375853406056  0.0000100347268131  0.0000506535502189  0.0000466578336683  0.0000123505680699  0.0000459660428303 -0.0000264114315880  0.0001034764420116 -0.0000137567118501
  0.0000035307298222 -0.0000014524354989  0.0000137432245893 -0.0000089029227217 -0.0000023769479247 -0.0000119984184236 -0.0000110519442106 -0.0000029255063629 -0.0000108880781854  0.0000062561341898 -0.0000137567118501  0.0000486585125113



  0.0000825917087962  0.0000193719858270 -0.0000635120980201  0.0000396537769213 -0.0000108796259552  0.0000776823968118  0.0000054905549837 -0.0000284513348492  0.0000344159208350  0.0000200628833929  0.0000673554366839  0.0000205853857569
  0.0000193719858270  0.0000554901659553 -0.0000330813823554  0.0000206543603040 -0.0000056668426540  0.0000404622292653  0.0000028598511846 -0.0000148193732534  0.0000179261317409  0.0000104501022224  0.0000350832522325  0.0000107222566784
 -0.0000635120980201 -0.0000330813823554  0.0001538590220598 -0.0000677164317526  0.0000185790485974 -0.0001326575960853 -0.0000093761760090  0.0000485861127027 -0.0000587717875916 -0.0000342612224992 -0.0001150223304182 -0.0000351534955289
  0.0000396537769213  0.0000206543603040 -0.0000677164317526  0.0000876786823519 -0.0000115998285596  0.0000828247670297  0.0000058540152731 -0.0000303347383356  0.0000366941642155  0.0000213909934703  0.0000718141893208  0.0000219480841156
 -0.0000108796259552 -0.0000056668426540  0.0000185790485974 -0.0000115998285596  0.0000485825218299 -0.0000227242536543 -0.0000016061394765  0.0000083228038327 -0.0000100676105128 -0.0000058689493369 -0.0000197033316558 -0.0000060217957569
  0.0000776823968118  0.0000404622292653 -0.0001326575960853  0.0000828247670297 -0.0000227242536543  0.0002076550014801  0.0000114681115569 -0.0000594262479774  0.0000718844671700  0.0000419053056726  0.0001406851701062  0.0000429966553479
  0.0000054905549837  0.0000028598511846 -0.0000093761760090  0.0000058540152731 -0.0000016061394765  0.0000114681115569  0.0000462104904512 -0.0000042002190378  0.0000050807600649  0.0000029618471410  0.0000099435611356  0.0000030389832187
 -0.0000284513348492 -0.0000148193732534  0.0000485861127027 -0.0000303347383356  0.0000083228038327 -0.0000594262479774 -0.0000042002190378  0.0000671649132006 -0.0000263278313987 -0.0000153479029044 -0.0000515262279137 -0.0000157476119289
  0.0000344159208350  0.0000179261317409 -0.0000587717875916  0.0000366941642155 -0.0000100676105128  0.0000718844671700  0.0000050807600649 -0.0000263278313987  0.0000772471722900  0.0000185654632424  0.0000623282735310  0.0000190489679432
  0.0000200628833929  0.0000104501022224 -0.0000342612224992  0.0000213909934703 -0.0000058689493369  0.0000419053056726  0.0000029618471410 -0.0000153479029044  0.0000185654632424  0.0000562227325564  0.0000363344886202  0.0000111046635780
  0.0000673554366839  0.0000350832522325 -0.0001150223304182  0.0000718141893208 -0.0000197033316558  0.0001406851701062  0.0000099435611356 -0.0000515262279137  0.0000623282735310  0.0000363344886202  0.0001673826627415  0.0000372807562043
  0.0000205853857569  0.0000107222566784 -0.0000351534955289  0.0000219480841156 -0.0000060217957569  0.0000429966553479  0.0000030389832187 -0.0000157476119289  0.0000190489679432  0.0000111046635780  0.0000372807562043  0.0000567937946909



  0.3302302021742927  0.0396076437080618  0.4845403233251415 -0.1979198535803445 -0.2006146636350805  0.6825878423476004  0.8037000821811946  0.6000413557996186  0.0700137200456643  0.7075961119111895  0.8849579242467072  0.0806832886455565
  0.0396076437080618  0.0047970211633774  0.0581236226407788 -0.0237418649965102 -0.0240646988113492  0.0818806391059956  0.0964088625935295  0.0719788133604290  0.0083986610445130  0.0848804396914277  0.1061562178915916  0.0096783888799999
  0.4845403233251415  0.0581236226407788  0.7110997315762000 -0.2904439118352589 -0.2943983930659936  1.0016855501731383  1.1794156285433037  0.8805500790796472  0.1027439123074846  1.0383847184418729  1.2986600639088013  0.1184012772909348
 -0.1979198535803445 -0.0237418649965102 -0.2904439118352589  0.1186828898218439  0.1202526328842934 -0.4091578566423042 -0.4817551682236662 -0.3596777735676009 -0.0419677673818123 -0.4241483104583186 -0.5304628578647480 -0.0483632703793796
 -0.2006146636350805 -0.0240646988113492 -0.2943983930659936  0.1202526328842934  0.1219355729945757 -0.4147286773965755 -0.4883143680278370 -0.3645747759904678 -0.0425390944486132 -0.4299233232063511 -0.5376852540647703 -0.0490218205655148
  0.6825878423476004  0.0818806391059956  1.0016855501731383 -0.4091578566423042 -0.4147286773965755  1.4111526769467566  1.6614814637965911  1.2404597628939318  0.1447387153831172  1.4628066016499557  1.8294650104116266  0.1667957636125827
  0.8037000821811946  0.0964088625935295  1.1794156285433037 -0.4817551682236662 -0.4883143680278370  1.6614814637965911  1.9563252029977725  1.4605558075954257  0.1704198625798266  1.7223538387581432  2.1540688361964797  0.1963904945051415
  0.6000413557996186  0.0719788133604290  0.8805500790796472 -0.3596777735676009 -0.3645747759904678  1.2404597628939318  1.4605558075954257  1.0904943737563484  0.1272352504255228  1.2859069741473013  1.6082248208248355  0.1466248569785598
  0.0700137200456643  0.0083986610445130  0.1027439123074846 -0.0419677673818123 -0.0425390944486132  0.1447387153831172  0.1704198625798266  0.1272352504255228  0.0148914128013660  0.1500415503596194  0.1876501018453177  0.0171083988952257
  0.7075961119111895  0.0848804396914277  1.0383847184418729 -0.4241483104583186 -0.4299233232063511  1.4628066016499557  1.7223538387581432  1.2859069741473013  0.1500415503596194  1.5164454765919920  1.8964918741046444  0.1729067447639707
  0.8849579242467072  0.1061562178915916  1.2986600639088013 -0.5304628578647480 -0.5376852540647703  1.8294650104116266  2.1540688361964797  1.6082248208248355  0.1876501018453177  1.8964918741046444  2.3719006674278242  0.2162464971347055
  0.0806832886455565  0.0096783888799999  0.1184012772909348 -0.0483632703793796 -0.0490218205655148  0.1667957636125827  0.1963904945051415  0.1466248569785598  0.0171083988952257  0.1729067447639707  0.2162464971347055  0.0197610113814831



  0.0000453999297625  0.0000000000000000  0.0000000000000000  0.0000000000000000  0.0000000000000000  0.0000000000000000  0.0000000000000000  0.0000000000000000  0.0000000000000000  0.0000000000000000  0.0000000000000000  0.0000000000000000
  0.0000000000000000  0.0000453999297625  0.0000000000000000  0.0000000000000000  0.0000000000000000  0.0000000000000000  0.0000000000000000  0.0000000000000000  0.0000000000000000  0.0000000000000000  0.0000000000000000  0.0000000000000000
  0.0000000000000000  0.0000000000000000  0.0000453999297625  0.0000000000000000  0.0000000000000000  0.0000000000000000  0.0000000000000000  0.0000000000000000  0.0000000000000000  0.0000000000000000  0.0000000000000000  0.0000000000000000
  0.0000000000000000  0.0000000000000000  0.0000000000000000  0.0000453999297625  0.0000000000000000  0.0000000000000000  0.0000000000000000  0.0000000000000000  0.0000000000000000  0.0000000000000000  0.0000000000000000  0.0000000000000000
  0.0000000000000000  0.0000000000000000  0.0000000000000000  0.0000000000000000  0.0000453999297625  0.0000000000000000  0.0000000000000000  0.0000000000000000  0.0000000000000000  0.0000000000000000  0.0000000000000000  0.0000000000000000
  0.0000000000000000  0.0000000000000000  0.0000000000000000  0.0000000000000000  0.0000000000000000  0.0000453999297625  0.0000000000000000  0.0000000000000000  0.0000000000000000  0.0000000000000000  0.0000000000000000  0.0000000000000000
  0.0000000000000000  0.0000000000000000  0.0000000000000000  0.0000000000000000  0.0000000000000000  0.0000000000000000  0.0000453999297625  0.0000000000000000  0.0000000000000000  0.0000000000000000  0.0000000000000000  0.0000000000000000
  0.0000000000000000  0.0000000000000000  0.0000000000000000  0.0000000000000000  0.0000000000000000  0.0000000000000000  0.0000000000000000  0.0000453999297625  0.0000000000000000  0.0000000000000000  0.0000000000000000  0.0000000000000000
  0.0000000000000000  0.0000000000000000  0.0000000000000000  0.0000000000000000  0.0000000000000000  0.0000000000000000  0.0000000000000000  0.0000000000000000  0.0000453999297625  0.0000000000000000  0.0000000000000000  0.0000000000000000
  0.0000000000000000  0.0000000000000000  0.0000000000000000  0.0000000000000000  0.0000000000000000  0.0000000000000000  0.0000000000000000  0.0000000000000000  0.0000000000000000  0.0000453999297625  0.0000000000000000  0.0000000000000000
  0.0000000000000000  0.0000000000000000  0.0000000000000000  0.0000000000000000  0.0000000000000000  0.0000000000000000  0.0000000000000000  0.0000000000000000  0.0000000000000000  0.0000000000000000  0.0000453999297625  0.0000000000000000
  0.0000000000000000  0.0000000000000000  0.0000000000000000  0.0000000000000000  0.0000000000000000  0.0000000000000000  0.0000000000000000  0.0000000000000000  0.0000000000000000  0.0000000000000000  0.0000000000000000  0.0000453999297625



  0.0000453999297625  0.0000000000000000  0.0000000000000000  0.0000000000000000  0.0000000000000000  0.0000000000000000  0.0000000000000000  0.0000000000000000  0.0000000000000000  0.0000000000000000  0.0000000000000000  0.0000000000000000
  0.0000000000000000  0.0000453999297625  0.0000000000000000  0.0000000000000000  0.0000000000000000  0.0000000000000000  0.0000000000000000  0.0000000000000000  0.0000000000000000  0.0000000000000000  0.0000000000000000  0.0000000000000000
  0.0000000000000000  0.0000000000000000  0.0000453999297625  0.0000000000000000  0.0000000000000000  0.0000000000000000  0.0000000000000000  0.0000000000000000  0.0000000000000000  0.0000000000000000  0.0000000000000000  0.0000000000000000
  0.0000000000000000  0.0000000000000000  0.0000000000000000  0.0000453999297625  0.0000000000000000  0.0000000000000000  0.0000000000000000  0.0000000000000000  0.0000000000000000  0.0000000000000000  0.0000000000000000  0.0000000000000000
  0.0000000000000000  0.0000000000000000  0.0000000000000000  0.0000000000000000  0.0000453999297625  0.0000000000000000  0.0000000000000000  0.0000000000000000  0.0000000000000000  0.0000000000000000  0.0000000000000000  0.0000000000000000
  0.0000000000000000  0.0000000000000000  0.0000000000000000  0.0000000000000000  0.0000000000000000  0.0000453999297625  0.0000000000000000  0.0000000000000000  0.0000000000000000  0.0000000000000000  0.0000000000000000  0.0000000000000000
  0.0000000000000000  0.0000000000000000  0.0000000000000000  0.0000000000000000  0.0000000000000000  0.0000000000000000  0.0000453999297625  0.0000000000000000  0.0000000000000000  0.0000000000000000  0.0000000000000000  0.0000000000000000
  0.0000000000000000  0.0000000000000000  0.0000000000000000  0.0000000000000000  0.0000000000000000  0.0000000000000000  0.0000000000000000  0.0000453999297625  0.0000000000000000  0.0000000000000000  0.0000000000000000  0.0000000000000000
  0.0000000000000000  0.0000000000000000  0.0000000000000000  0.0000000000000000  0.0000000000000000  0.0000000000000000  0.0000000000000000  0.0000000000000000  0.0000453999297625  0.0000000000000000  0.0000000000000000  0.0000000000000000
  0.0000000000000000  0.0000000000000000  0.0000000000000000  0.0000000000000000  0.0000000000000000  0.0000000000000000  0.0000000000000000  0.0000000000000000  0.0000000000000000  0.0000453999297625  0.0000000000000000  0.0000000000000000
  0.0000000000000000  0.0000000000000000  0.0000000000000000  0.0000000000000000  0.0000000000000000  0.0000000000000000  0.0000000000000000  0.0000000000000000  0.0000000000000000  0.0000000000000000  0.0000453999297625  0.0000000000000000
  0.0000000000000000  0.0000000000000000  0.0000000000000000  0.0000000000000000  0.0000000000000000  0.0000000000000000  0.0000000000000000  0.0000000000000000  0.0000000000000000  0.0000000000000000  0.0000000000000000  0.0000453999297625



  0.0000798592519363 -0.0000104818547206  0.0000945831587267 -0.0000362849534365  0.0000261905340076  0.0000325714675851 -0.0000305420060619  0.0000384274294661  0.0000050988874347  0.0000256549093935  0.0000629888218140 -0.0000071148945697
 -0.0000104818547206  0.0000485883058376 -0.0000287703549067  0.0000110371761971 -0.0000079666503925 -0.0000099076061201  0.0000092902834479 -0.0000116888756812 -0.0000015509822584 -0.0000078037238160 -0.0000191599729079  0.0000021642123677
  0.0000945831587267 -0.0000287703549067  0.0003050096188214 -0.0000995941096278  0.0000718871782411  0.0000894014186649 -0.0000838309991305  0.0001054747287925  0.0000139953095170  0.0000704170080609  0.0001728902762972 -0.0000195287997545
 -0.0000362849534365  0.0000110371761971 -0.0000995941096278  0.0000836072351543 -0.0000275780905425 -0.0000342970816061  0.0000321601006028 -0.0000404632883326 -0.0000053690229951 -0.0000270140889036 -0.0000663259264072  0.0000074918368059
  0.0000261905340076 -0.0000079666503925  0.0000718871782411 -0.0000275780905425  0.0000653058370273  0.0000247556851282 -0.0000232132090234  0.0000292064624249  0.0000038753688795  0.0000194988100330  0.0000478741535163 -0.0000054076190834
  0.0000325714675851 -0.0000099076061201  0.0000894014186649 -0.0000342970816061  0.0000247556851282  0.0000761869689068 -0.0000288687617073  0.0000363221820477  0.0000048195447944  0.0000242494047183  0.0000595379780715 -0.0000067251049420
 -0.0000305420060619  0.0000092902834479 -0.0000838309991305  0.0000321601006028 -0.0000232132090234 -0.0000288687617073  0.0000724699379763 -0.0000340590211781 -0.0000045192488162 -0.0000227384739103 -0.0000558282884374  0.0000063060774087
  0.0000384274294661 -0.0000116888756812  0.0001054747287925 -0.0000404632883326  0.0000292064624249  0.0000363221820477 -0.0000340590211781  0.0000882524074731  0.0000056860415381  0.0000286091588281  0.0000702421973133 -0.0000079341987012
  0.0000050988874347 -0.0000015509822584  0.0000139953095170 -0.0000053690229951  0.0000038753688795  0.0000048195447944 -0.0000045192488162  0.0000056860415381  0.0000461544034849  0.0000037961134141  0.0000093203490903 -0.0000010527788776
  0.0000256549093935 -0.0000078037238160  0.0000704170080609 -0.0000270140889036  0.0000194988100330  0.0000242494047183 -0.0000227384739103  0.0000286091588281  0.0000037961134141  0.0000644999681402  0.0000468950755413 -0.0000052970274519
  0.0000629888218140 -0.0000191599729079  0.0001728902762972 -0.0000663259264072  0.0000478741535163  0.0000595379780715 -0.0000558282884374  0.0000702421973133  0.0000093203490903  0.0000468950755413  0.0001605383429183 -0.0000130054452034
 -0.0000071148945697  0.0000021642123677 -0.0000195287997545  0.0000074918368059 -0.0000054076190834 -0.0000067251049420  0.0000063060774087 -0.0000079341987012 -0.0000010527788776 -0.0000052970274519 -0.0000130054452034  0.0000468689582153



  0.0000453999297625  0.0000000000000000  0.0000000000000000  0.0000000000000000  0.0000000000000000  0.0000000000000000  0.0000000000000000  0.0000000000000000  0.0000000000000000  0.0000000000000000  0.0000000000000000  0.0000000000000000
  0.0000000000000000  0.0000453999297625  0.0000000000000000  0.0000000000000000  0.0000000000000000  0.0000000000000000  0.0000000000000000  0.0000000000000000  0.0000000000000000  0.0000000000000000  0.0000000000000000  0.0000000000000000
  0.0000000000000000  0.0000000000000000  0.0000453999297625  0.0000000000000000  0.0000000000000000  0.0000000000000000  0.0000000000000000  0.0000000000000000  0.0000000000000000  0.0000000000000000  0.0000000000000000  0.0000000000000000
  0.0000000000000000  0.0000000000000000  0.0000000000000000  0.0000453999297625  0.0000000000000000  0.0000000000000000  0.0000000000000000  0.0000000000000000  0.0000000000000000  0.0000000000000000  0.0000000000000000  0.0000000000000000
  0.0000000000000000  0.0000000000000000  0.0000000000000000  0.0000000000000000  0.0000453999297625  0.0000000000000000  0.0000000000000000  0.0000000000000000  0.0000000000000000  0.0000000000000000  0.0000000000000000  0.0000000000000000
  0.0000000000000000  0.0000000000000000  0.0000000000000000  0.0000000000000000  0.0000000000000000  0.0000453999297625  0.0000000000000000  0.0000000000000000  0.0000000000000000  0.0000000000000000  0.0000000000000000  0.0000000000000000
  0.0000000000000000  0.0000000000000000  0.0000000000000000  0.0000000000000000  0.0000000000000000  0.0000000000000000  0.0000453999297625  0.0000000000000000  0.0000000000000000  0.0000000000000000  0.0000000000000000  0.0000000000000000
  0.0000000000000000  0.0000000000000000  0.0000000000000000  0.0000000000000000  0.0000000000000000  0.0000000000000000  0.0000000000000000  0.0000453999297625  0.0000000000000000  0.0000000000000000  0.0000000000000000  0.0000000000000000
  0.0000000000000000  0.0000000000000000  0.0000000000000000  0.0000000000000000  0.0000000000000000  0.0000000000000000  0.0000000000000000  0.0000000000000000  0.0000453999297625  0.0000000000000000  0.0000000000000000  0.0000000000000000
  0.0000000000000000  0.0000000000000000  0.0000000000000000  0.0000000000000000  0.0000000000000000  0.0000000000000000  0.0000000000000000  0.0000000000000000  0.0000000000000000  0.0000453999297625  0.0000000000000000  0.0000000000000000
  0.0000000000000000  0.0000000000000000  0.0000000000000000  0.0000000000000000  0.0000000000000000  0.0000000000000000  0.0000000000000000  0.0000000000000000  0.0000000000000000  0.0000000000000000  0.0000453999297625  0.0000000000000000
  0.0000000000000000  0.0000000000000000  0.0000000000000000  0.0000000000000000  0.0000000000000000  0.0000000000000000  0.0000000000000000  0.0000000000000000  0.0000000000000000  0.0000000000000000  0.0000000000000000  0.0000453999297625



  0.0001807945163469  0.0000653958464926  0.0000520882001784  0.0000158362038750  0.0000269227028158 -0.0001029280088201  0.0000446471333024  0.0000796194657591 -0.0000142018754746 -0.0000088041773587 -0.0000895429550836  0.0000532809597280
  0.0000653958464926  0.0000769862497652  0.0000251587011629  0.0000076489170192  0.0000130037173932 -0.0000497144268053  0.0000215646515081  0.0000384563555454 -0.0000068595332493 -0.0000042524346472 -0.0000432494200312  0.0000257348063261
  0.0000520882001784  0.0000251587011629  0.0000654389923740  0.0000060924101792  0.0000103575421218 -0.0000395978514551  0.0000171763796140  0.0000306307273812 -0.0000054636610761 -0.0000033870907562 -0.0000344484331806  0.0000204979339723
  0.0000158362038750  0.0000076489170192  0.0000060924101792  0.0000472521851554  0.0000031489694043 -0.0000120388043071  0.0000052220780996  0.0000093125591206 -0.0000016610988748 -0.0000010297660425 -0.0000104732436359  0.0000062319193270
  0.0000269227028158  0.0000130037173932  0.0000103575421218  0.0000031489694043  0.0000507534076614 -0.0000204668462956  0.0000088779140422  0.0000158320304309 -0.0000028239893667 -0.0000017506774572 -0.0000178052788503  0.0000105947178590
 -0.0001029280088201 -0.0000497144268053 -0.0000395978514551 -0.0000120388043071 -0.0000204668462956  0.0001236465957993 -0.0000339410950339 -0.0000605273318575  0.0000107963752539  0.0000066930035217  0.0000680712449672 -0.0000405045964626
  0.0000446471333024  0.0000215646515081  0.0000171763796140  0.0000052220780996  0.0000088779140422 -0.0000339410950339  0.0000601225753454  0.0000262549706815 -0.0000046831490347 -0.0000029032274485 -0.0000295272976030  0.0000175696988445
  0.0000796194657591  0.0000384563555454  0.0000306307273812  0.0000093125591206  0.0000158320304309 -0.0000605273318575  0.0000262549706815  0.0000922205559609 -0.0000083514841072 -0.0000051773406561 -0.0000526561838704  0.0000313321356170
