
  0.0000453999297625  0.0000000000000000  0.0000000000000000  0.0000000000000000  0.0000000000000000  0.0000000000000000  0.0000000000000000  0.0000000000000000  0.0000000000000000  0.0000000000000000  0.0000000000000000  0.0000000000000000
  0.0000000000000000  0.0000453999297625  0.0000000000000000  0.0000000000000000  0.0000000000000000  0.0000000000000000  0.0000000000000000  0.0000000000000000  0.0000000000000000  0.0000000000000000  0.0000000000000000  0.0000000000000000
  0.0000000000000000  0.0000000000000000  0.0000453999297625  0.0000000000000000  0.0000000000000000  0.0000000000000000  0.0000000000000000  0.0000000000000000  0.0000000000000000  0.0000000000000000  0.0000000000000000  0.0000000000000000
  0.0000000000000000  0.0000000000000000  0.0000000000000000  0.0000453999297625  0.0000000000000000  0.0000000000000000  0.0000000000000000  0.0000000000000000  0.0000000000000000  0.0000000000000000  0.0000000000000000  0.0000000000000000
  0.0000000000000000  0.0000000000000000  0.0000000000000000  0.0000000000000000  0.0000453999297625  0.0000000000000000  0.0000000000000000  0.0000000000000000  0.0000000000000000  0.0000000000000000  0.0000000000000000  0.0000000000000000
  0.0000000000000000  0.0000000000000000  0.0000000000000000  0.0000000000000000  0.0000000000000000  0.0000453999297625  0.0000000000000000  0.0000000000000000  0.0000000000000000  0.0000000000000000  0.0000000000000000  0.0000000000000000
  0.0000000000000000  0.0000000000000000  0.0000000000000000  0.0000000000000000  0.0000000000000000  0.0000000000000000  0.0000453999297625  0.0000000000000000  0.0000000000000000  0.0000000000000000  0.0000000000000000  0.0000000000000000
  0.0000000000000000  0.0000000000000000  0.0000000000000000  0.0000000000000000  0.0000000000000000  0.0000000000000000  0.0000000000000000  0.0000453999297625  0.0000000000000000  0.0000000000000000  0.0000000000000000  0.0000000000000000
  0.0000000000000000  0.0000000000000000  0.0000000000000000  0.0000000000000000  0.0000000000000000  0.0000000000000000  0.0000000000000000  0.0000000000000000  0.0000453999297625  0.0000000000000000  0.0000000000000000  0.0000000000000000
  0.0000000000000000  0.0000000000000000  0.0000000000000000  0.0000000000000000  0.0000000000000000  0.0000000000000000  0.0000000000000000  0.0000000000000000  0.0000000000000000  0.0000453999297625  0.0000000000000000  0.0000000000000000
  0.0000000000000000  0.0000000000000000  0.0000000000000000  0.0000000000000000  0.0000000000000000  0.0000000000000000  0.0000000000000000  0.0000000000000000  0.0000000000000000  0.0000000000000000  0.0000453999297625  0.0000000000000000
  0.0000000000000000  0.0000000000000000  0.0000000000000000  0.0000000000000000  0.0000000000000000  0.0000000000000000  0.0000000000000000  0.0000000000000000  0.0000000000000000  0.0000000000000000  0.0000000000000000  0.0000453999297625



  0.0000453999297625  0.0000000000000000  0.0000000000000000  0.0000000000000000  0.0000000000000000  0.0000000000000000  0.0000000000000000  0.0000000000000000  0.0000000000000000  0.0000000000000000  0.0000000000000000  0.0000000000000000
  0.0000000000000000  0.0000453999297625  0.0000000000000000  0.0000000000000000  0.0000000000000000  0.0000000000000000  0.0000000000000000  0.0000000000000000  0.0000000000000000  0.0000000000000000  0.0000000000000000  0.0000000000000000
  0.0000000000000000  0.0000000000000000  0.0000453999297625  0.0000000000000000  0.0000000000000000  0.0000000000000000  0.0000000000000000  0.0000000000000000  0.0000000000000000  0.0000000000000000  0.0000000000000000  0.0000000000000000
  0.0000000000000000  0.0000000000000000  0.0000000000000000  0.0000453999297625  0.0000000000000000  0.0000000000000000  0.0000000000000000  0.0000000000000000  0.0000000000000000  0.0000000000000000  0.0000000000000000  0.0000000000000000
  0.0000000000000000  0.0000000000000000  0.0000000000000000  0.0000000000000000  0.0000453999297625  0.0000000000000000  0.0000000000000000  0.0000000000000000  0.0000000000000000  0.0000000000000000  0.0000000000000000  0.0000000000000000
  0.0000000000000000  0.0000000000000000  0.0000000000000000  0.0000000000000000  0.0000000000000000  0.0000453999297625  0.0000000000000000  0.0000000000000000  0.0000000000000000  0.0000000000000000  0.0000000000000000  0.0000000000000000
  0.0000000000000000  0.0000000000000000  0.0000000000000000  0.0000000000000000  0.0000000000000000  0.0000000000000000  0.0000453999297625  0.0000000000000000  0.0000000000000000  0.0000000000000000  0.0000000000000000  0.0000000000000000
  0.0000000000000000  0.0000000000000000  0.0000000000000000  0.0000000000000000  0.0000000000000000  0.0000000000000000  0.0000000000000000  0.0000453999297625  0.0000000000000000  0.0000000000000000  0.0000000000000000  0.0000000000000000
  0.0000000000000000  0.0000000000000000  0.0000000000000000  0.0000000000000000  0.0000000000000000  0.0000000000000000  0.0000000000000000  0.0000000000000000  0.0000453999297625  0.0000000000000000  0.0000000000000000  0.0000000000000000
  0.0000000000000000  0.0000000000000000  0.0000000000000000  0.0000000000000000  0.0000000000000000  0.0000000000000000  0.0000000000000000  0.0000000000000000  0.0000000000000000  0.0000453999297625  0.0000000000000000  0.0000000000000000
  0.0000000000000000  0.0000000000000000  0.0000000000000000  0.0000000000000000  0.0000000000000000  0.0000000000000000  0.0000000000000000  0.0000000000000000  0.0000000000000000  0.0000000000000000  0.0000453999297625  0.0000000000000000
  0.0000000000000000  0.0000000000000000  0.0000000000000000  0.0000000000000000  0.0000000000000000  0.0000000000000000  0.0000000000000000  0.0000000000000000  0.0000000000000000  0.0000000000000000  0.0000000000000000  0.0000453999297625



  0.0000453999297625  0.0000000000000000  0.0000000000000000  0.0000000000000000  0.0000000000000000  0.0000000000000000  0.0000000000000000  0.0000000000000000  0.0000000000000000  0.0000000000000000  0.0000000000000000  0.0000000000000000
  0.0000000000000000  0.0000453999297625  0.0000000000000000  0.0000000000000000  0.0000000000000000  0.0000000000000000  0.0000000000000000  0.0000000000000000  0.0000000000000000  0.0000000000000000  0.0000000000000000  0.0000000000000000
  0.0000000000000000  0.0000000000000000  0.0000453999297625  0.0000000000000000  0.0000000000000000  0.0000000000000000  0.0000000000000000  0.0000000000000000  0.0000000000000000  0.0000000000000000  0.0000000000000000  0.0000000000000000
  0.0000000000000000  0.0000000000000000  0.0000000000000000  0.0000453999297625  0.0000000000000000  0.0000000000000000  0.0000000000000000  0.0000000000000000  0.0000000000000000  0.0000000000000000  0.0000000000000000  0.0000000000000000
  0.0000000000000000  0.0000000000000000  0.0000000000000000  0.0000000000000000  0.0000453999297625  0.0000000000000000  0.0000000000000000  0.0000000000000000  0.0000000000000000  0.0000000000000000  0.0000000000000000  0.0000000000000000
  0.0000000000000000  0.0000000000000000  0.0000000000000000  0.0000000000000000  0.0000000000000000  0.0000453999297625  0.0000000000000000  0.0000000000000000  0.0000000000000000  0.0000000000000000  0.0000000000000000  0.0000000000000000
  0.0000000000000000  0.0000000000000000  0.0000000000000000  0.0000000000000000  0.0000000000000000  0.0000000000000000  0.0000453999297625  0.0000000000000000  0.0000000000000000  0.0000000000000000  0.0000000000000000  0.0000000000000000
  0.0000000000000000  0.0000000000000000  0.0000000000000000  0.0000000000000000  0.0000000000000000  0.0000000000000000  0.0000000000000000  0.0000453999297625  0.0000000000000000  0.0000000000000000  0.0000000000000000  0.0000000000000000
  0.0000000000000000  0.0000000000000000  0.0000000000000000  0.0000000000000000  0.0000000000000000  0.0000000000000000  0.0000000000000000  0.0000000000000000  0.0000453999297625  0.0000000000000000  0.0000000000000000  0.0000000000000000
  0.0000000000000000  0.0000000000000000  0.0000000000000000  0.0000000000000000  0.0000000000000000  0.0000000000000000  0.0000000000000000  0.0000000000000000  0.0000000000000000  0.0000453999297625  0.0000000000000000  0.0000000000000000
  0.0000000000000000  0.0000000000000000  0.0000000000000000  0.0000000000000000  0.0000000000000000  0.0000000000000000  0.0000000000000000  0.0000000000000000  0.0000000000000000  0.0000000000000000  0.0000453999297625  0.0000000000000000
  0.0000000000000000  0.0000000000000000  0.0000000000000000  0.0000000000000000  0.0000000000000000  0.0000000000000000  0.0000000000000000  0.0000000000000000  0.0000000000000000  0.0000000000000000  0.0000000000000000  0.0000453999297625



  0.6852419001370126 -0.3145145717161730 -0.2907655293677422  0.0949839641026939  0.0911644711176954 -0.1885369539165268  0.6047238909402777  0.0238945993046747  0.0063784856559569  0.8803380846955673  0.3847010353755249  0.2953943253482122
 -0.3145145717161730  0.3747924155353444 -0.3115700392702000 -0.3563610599463435 -0.0371938386396591  0.7446480003347832 -0.0198938974807608 -0.1713032751714847  0.0453505215916077  0.1953725115257706 -0.3549114924878022 -0.3044445219131776
 -0.2907655293677422 -0.3115700392702000  0.9831257573170690  0.5638685411247332 -0.0476722496699208 -1.1912856340685187 -0.7543927593208143  0.2995864878580641 -0.0959679621917758 -1.5315751979758565  0.1812351850332816  0.2008314713216086
  0.0949839641026939 -0.3563610599463435  0.5638685411247332  0.4378148843609939  0.0063221019020262 -0.9195745185979143 -0.2659986103205941  0.2209818503658011 -0.0646579527689241 -0.6917850078387516  0.2954252641569095  0.2701834895155743
  0.0911644711176954 -0.0371938386396591 -0.0476722496699208  0.0063221019020262  0.0122686490864564 -0.0117959098744861  0.0856609069512440 -0.0000583843892066  0.0018235017488051  0.1292322267307134  0.0475830659748131  0.0358922544399324
 -0.1885369539165268  0.7446480003347832 -1.1912856340685187 -0.9195745185979143 -0.0117959098744861  1.9318767264687915  0.5697041599826693 -0.4645900293201848  0.1361572218945136  1.4701901395358070 -0.6152680339401878 -0.5636311417171864
  0.6047238909402777 -0.0198938974807608 -0.7543927593208143 -0.2659986103205941  0.0856609069512440  0.5697041599826693  0.8219680978942121 -0.1582481624848928  0.0596291195432413  1.4474481357226970  0.1400579606007200  0.0718366133674982
  0.0238945993046747 -0.1713032751714847  0.2995864878580641  0.2209818503658011 -0.0000583843892066 -0.4645900293201848 -0.1582481624848928  0.1124654327060878 -0.0333772897805932 -0.3864995232491142  0.1375247569155091  0.1278169165459902
  0.0063784856559569  0.0453505215916077 -0.0959679621917758 -0.0646579527689241  0.0018235017488051  0.1361572218945136  0.0596291195432413 -0.0333772897805932  0.0102219442364196  0.1338172897485725 -0.0337891960586322 -0.0326351777670358
  0.8803380846955673  0.1953725115257706 -1.5315751979758565 -0.6917850078387516  0.1292322267307134  1.4701901395358070  1.4474481357226970 -0.3864995232491142  0.1338172897485725  2.6909200158733850  0.0302445321338486 -0.0598447980345643
  0.3847010353755249 -0.3549114924878022  0.1812351850332816  0.2954252641569095  0.0475830659748131 -0.6152680339401878  0.1400579606007200  0.1375247569155091 -0.0337891960586322  0.0302445321338486  0.3540715602699975  0.2965516822266262
  0.2953943253482122 -0.3044445219131776  0.2008314713216086  0.2701834895155743  0.0358922544399324 -0.5636311417171864  0.0718366133674982  0.1278169165459902 -0.0326351777670358 -0.0598447980345643  0.2965516822266262  0.2511522987708069



  0.0000453999297625  0.0000000000000000  0.0000000000000000  0.0000000000000000  0.0000000000000000  0.0000000000000000  0.0000000000000000  0.0000000000000000  0.0000000000000000  0.0000000000000000  0.0000000000000000  0.0000000000000000
  0.0000000000000000  0.0000453999297625  0.0000000000000000  0.0000000000000000  0.0000000000000000  0.0000000000000000  0.0000000000000000  0.0000000000000000  0.0000000000000000  0.0000000000000000  0.0000000000000000  0.0000000000000000
  0.0000000000000000  0.0000000000000000  0.0000453999297625  0.0000000000000000  0.0000000000000000  0.0000000000000000  0.0000000000000000  0.0000000000000000  0.0000000000000000  0.0000000000000000  0.0000000000000000  0.0000000000000000
  0.0000000000000000  0.0000000000000000  0.0000000000000000  0.0000453999297625  0.0000000000000000  0.0000000000000000  0.0000000000000000  0.0000000000000000  0.0000000000000000  0.0000000000000000  0.0000000000000000  0.0000000000000000
  0.0000000000000000  0.0000000000000000  0.0000000000000000  0.0000000000000000  0.0000453999297625  0.0000000000000000  0.0000000000000000  0.0000000000000000  0.0000000000000000  0.0000000000000000  0.0000000000000000  0.0000000000000000
  0.0000000000000000  0.0000000000000000  0.0000000000000000  0.0000000000000000  0.0000000000000000  0.0000453999297625  0.0000000000000000  0.0000000000000000  0.0000000000000000  0.0000000000000000  0.0000000000000000  0.0000000000000000
  0.0000000000000000  0.0000000000000000  0.0000000000000000  0.0000000000000000  0.0000000000000000  0.0000000000000000  0.0000453999297625  0.0000000000000000  0.0000000000000000  0.0000000000000000  0.0000000000000000  0.0000000000000000
  0.0000000000000000  0.0000000000000000  0.0000000000000000  0.0000000000000000  0.0000000000000000  0.0000000000000000  0.0000000000000000  0.0000453999297625  0.0000000000000000  0.0000000000000000  0.0000000000000000  0.0000000000000000
  0.0000000000000000  0.0000000000000000  0.0000000000000000  0.0000000000000000  0.0000000000000000  0.0000000000000000  0.0000000000000000  0.0000000000000000  0.0000453999297625  0.0000000000000000  0.0000000000000000  0.0000000000000000
  0.0000000000000000  0.0000000000000000  0.0000000000000000  0.0000000000000000  0.0000000000000000  0.0000000000000000  0.0000000000000000  0.0000000000000000  0.0000000000000000  0.0000453999297625  0.0000000000000000  0.0000000000000000
  0.0000000000000000  0.0000000000000000  0.0000000000000000  0.0000000000000000  0.0000000000000000  0.0000000000000000  0.0000000000000000  0.0000000000000000  0.0000000000000000  0.0000000000000000  0.0000453999297625  0.0000000000000000
  0.0000000000000000  0.0000000000000000  0.0000000000000000  0.0000000000000000  0.0000000000000000  0.0000000000000000  0.0000000000000000  0.0000000000000000  0.0000000000000000  0.0000000000000000  0.0000000000000000  0.0000453999297625



  0.0006327168621078 -0.0004289217732652 -0.0000591775263566  0.0000010124434751 -0.0004810177115087 -0.0000484469856833  0.0002651712437021 -0.0000147882457202 -0.0002704091253690 -0.0002486475381646  0.0003541350102960  0.0001129645749240
 -0.0004289217732652  0.0003586445809023  0.0000432177724572 -0.0000007393947403  0.0003512906889444  0.0000353811815465 -0.0001936564634932  0.0000107999620451  0.0001974817260882  0.0001815890826810 -0.0002586273410932 -0.0000824988402754
 -0.0000591775263566  0.0000432177724572  0.0000513626041429 -0.0000001020128948  0.0000484669123826  0.0000048814747443 -0.0000267184162400  0.0000014900503505  0.0000272461804901  0.0000250535025178 -0.0000356823254217 -0.0000113822090626
  0.0000010124434751 -0.0000007393947403 -0.0000001020128948  0.0000454016750583 -0.0000008292000735 -0.0000000835151038  0.0000004571141758 -0.0000000254926464 -0.0000004661434730 -0.0000004286298653  0.0000006104739379  0.0000001947334403
 -0.0004810177115087  0.0003512906889444  0.0000484669123826 -0.0000008292000735  0.0004393576484019  0.0000396785055895 -0.0002171775710504  0.0000121117027652  0.0002214674420107  0.0002036445114950 -0.0002900396750651 -0.0000925189762443
 -0.0000484469856833  0.0000353811815465  0.0000048814747443 -0.0000000835151038  0.0000396785055895  0.0000493962566050 -0.0000218736200844  0.0000012198625465  0.0000223056859149  0.0000205106017862 -0.0000292121218185 -0.0000093182962088
  0.0002651712437021 -0.0001936564634932 -0.0000267184162400  0.0000004571141758 -0.0002171775710504 -0.0000218736200844  0.0001651236847132 -0.0000066768337397 -0.0001220886375541 -0.0001122633680512  0.0001598905394123  0.0000510030533383
 -0.0000147882457202  0.0000107999620451  0.0000014900503505 -0.0000000254926464  0.0000121117027652  0.0000012198625465 -0.0000066768337397  0.0000457722878530  0.0000068087200806  0.0000062607779371 -0.0000089168816051 -0.0000028443720922
 -0.0002704091253690  0.0001974817260882  0.0000272461804901 -0.0000004661434730  0.0002214674420107  0.0000223056859149 -0.0001220886375541  0.0000068087200806  0.0001699001630366  0.0001144808869238 -0.0001630488295549 -0.0000520105078206
 -0.0002486475381646  0.0001815890826810  0.0000250535025178 -0.0000004286298653  0.0002036445114950  0.0000205106017862 -0.0001122633680512  0.0000062607779371  0.0001144808869238  0.0001506677925303 -0.0001499272260658 -0.0000478248827980
  0.0003541350102960 -0.0002586273410932 -0.0000356823254217  0.0000006104739379 -0.0002900396750651 -0.0000292121218185  0.0001598905394123 -0.0000089168816051 -0.0001630488295549 -0.0001499272260658  0.0002589330302242  0.0000681143496818
  0.0001129645749240 -0.0000824988402754 -0.0000113822090626  0.0000001947334403 -0.0000925189762443 -0.0000093182962088  0.0000510030533383 -0.0000028443720922 -0.0000520105078206 -0.0000478248827980  0.0000681143496818  0.0000671275430578



  0.0000453999297625  0.0000000000000000  0.0000000000000000  0.0000000000000000  0.0000000000000000  0.0000000000000000  0.0000000000000000  0.0000000000000000  0.0000000000000000  0.0000000000000000  0.0000000000000000  0.0000000000000000
  0.0000000000000000  0.0000453999297625  0.0000000000000000  0.0000000000000000  0.0000000000000000  0.0000000000000000  0.0000000000000000  0.0000000000000000  0.0000000000000000  0.0000000000000000  0.0000000000000000  0.0000000000000000
  0.0000000000000000  0.0000000000000000  0.0000453999297625  0.0000000000000000  0.0000000000000000  0.0000000000000000  0.0000000000000000  0.0000000000000000  0.0000000000000000  0.0000000000000000  0.0000000000000000  0.0000000000000000
  0.0000000000000000  0.0000000000000000  0.0000000000000000  0.0000453999297625  0.0000000000000000  0.0000000000000000  0.0000000000000000  0.0000000000000000  0.0000000000000000  0.0000000000000000  0.0000000000000000  0.0000000000000000
  0.0000000000000000  0.0000000000000000  0.0000000000000000  0.0000000000000000  0.0000453999297625  0.0000000000000000  0.0000000000000000  0.0000000000000000  0.0000000000000000  0.0000000000000000  0.0000000000000000  0.0000000000000000
  0.0000000000000000  0.0000000000000000  0.0000000000000000  0.0000000000000000  0.0000000000000000  0.0000453999297625  0.0000000000000000  0.0000000000000000  0.0000000000000000  0.0000000000000000  0.0000000000000000  0.0000000000000000
  0.0000000000000000  0.0000000000000000  0.0000000000000000  0.0000000000000000  0.0000000000000000  0.0000000000000000  0.0000453999297625  0.0000000000000000  0.0000000000000000  0.0000000000000000  0.0000000000000000  0.0000000000000000
  0.0000000000000000  0.0000000000000000  0.0000000000000000  0.0000000000000000  0.0000000000000000  0.0000000000000000  0.0000000000000000  0.0000453999297625  0.0000000000000000  0.0000000000000000  0.0000000000000000  0.0000000000000000
  0.0000000000000000  0.0000000000000000  0.0000000000000000  0.0000000000000000  0.0000000000000000  0.0000000000000000  0.0000000000000000  0.0000000000000000  0.0000453999297625  0.0000000000000000  0.0000000000000000  0.0000000000000000
  0.0000000000000000  0.0000000000000000  0.0000000000000000  0.0000000000000000  0.0000000000000000  0.0000000000000000  0.0000000000000000  0.0000000000000000  0.0000000000000000  0.0000453999297625  0.0000000000000000  0.0000000000000000
  0.0000000000000000  0.0000000000000000  0.0000000000000000  0.0000000000000000  0.0000000000000000  0.0000000000000000  0.0000000000000000  0.0000000000000000  0.0000000000000000  0.0000000000000000  0.0000453999297625  0.0000000000000000
  0.0000000000000000  0.0000000000000000  0.0000000000000000  0.0000000000000000  0.0000000000000000  0.0000000000000000  0.0000000000000000  0.0000000000000000  0.0000000000000000  0.0000000000000000  0.0000000000000000  0.0000453999297625



  0.1573996496976558 -0.0798782233422555  0.3637652712701777  0.2010151692927842 -0.0724013451749560 -0.1922630112710344  0.1795059230739230  0.2970724402452881 -0.2927246376927200 -0.0615483059610463  0.1009155736292328  0.0119107449674027
 -0.0798782233422555  0.0405955000111353 -0.1846630678872228 -0.1020432388617910  0.0367535109123938  0.0976014197518596 -0.0911231432336929 -0.1508057492421682  0.1485996349274582  0.0312442536525414 -0.0512301738820421 -0.0060453629222104
  0.3637652712701777 -0.1846630678872228  0.8409946742417038  0.4647026733364069 -0.1673751117581730 -0.4444729542836977  0.4149746179966498  0.6867660043336175 -0.6767178254433599 -0.1422857999804751  0.2332988095948844  0.0275320323597708
  0.2010151692927842 -0.1020432388617910  0.4647026733364069  0.2568373441180313 -0.0924906661441500 -0.2456124142450791  0.2293132418693124  0.3795027963471703 -0.3739496007922818 -0.0786263513947407  0.1289186305797736  0.0152146691825595
 -0.0724013451749560  0.0367535109123938 -0.1673751117581730 -0.0924906661441500  0.0333585095905150  0.0884638121273941 -0.0825937034419332 -0.1366883374412784  0.1346879877771964  0.0283194590503792 -0.0464332748179572 -0.0054801944685650
 -0.1922630112710344  0.0976014197518596 -0.4444729542836977 -0.2456124142450791  0.0884638121273941  0.2349659794221636 -0.2193289896425138 -0.3629810457315871  0.3576704949604408  0.0752032389753951 -0.1233073852892813 -0.0145514089634836
  0.1795059230739230 -0.0911231432336929  0.4149746179966498  0.2293132418693124 -0.0825937034419332 -0.2193289896425138  0.2048214162550437  0.3388930525246046 -0.3339331826849666 -0.0702128185537140  0.1151220421933098  0.0135874915718097
  0.2970724402452881 -0.1508057492421682  0.6867660043336175  0.3795027963471703 -0.1366883374412784 -0.3629810457315871  0.3388930525246046  0.5608977791466685 -0.5526455643624475 -0.1161988138395932  0.1905238669192984  0.0224851298278228
 -0.2927246376927200  0.1485996349274582 -0.6767178254433599 -0.3739496007922818  0.1346879877771964  0.3576704949604408 -0.3339331826849666 -0.5526455643624475  0.5446050286290955  0.1144984209686116 -0.1877371040906111 -0.0221553189169597
 -0.0615483059610463  0.0312442536525414 -0.1422857999804751 -0.0786263513947407  0.0283194590503792  0.0752032389753951 -0.0702128185537140 -0.1161988138395932  0.1144984209686116  0.0241197729166484 -0.0394730965085657 -0.0046586103339654
  0.1009155736292328 -0.0512301738820421  0.2332988095948844  0.1289186305797736 -0.0464332748179572 -0.1233073852892813  0.1151220421933098  0.1905238669192984 -0.1877371040906111 -0.0394730965085657  0.0647687466921083  0.0076371644023817
  0.0119107449674027 -0.0060453629222104  0.0275320323597708  0.0152146691825595 -0.0054801944685650 -0.0145514089634836  0.0135874915718097  0.0224851298278228 -0.0221553189169597 -0.0046586103339654  0.0076371644023817  0.0009476433427619



  0.0001196347151508 -0.0000199784944474  0.0001652657794370  0.0000497306302290 -0.0001880657215825 -0.0000188590951221 -0.0000434429609861  0.0000823175840902 -0.0001275640732148  0.0001196671745199 -0.0000549994588405  0.0000310053485232
 -0.0000199784944474  0.0000507766576441 -0.0000444772816349 -0.0000133837946011  0.0000506133338262  0.0000050754686662  0.0000116916207179 -0.0000221537839446  0.0000343307805778 -0.0000322055215647  0.0000148017722056 -0.0000083443385748
  0.0001652657794370 -0.0000444772816349  0.0004133241813116  0.0001107132097668 -0.0004186828034880 -0.0000419852100133 -0.0000967152362717  0.0001832601741200 -0.0002839905292070  0.0002664099958879 -0.0001224429812296  0.0000690259029321
  0.0000497306302290 -0.0000133837946011  0.0001107132097668  0.0000787149797089 -0.0001259871205911 -0.0000126338977214 -0.0000291028770077  0.0000551453784680 -0.0000854564571362  0.0000801662451837 -0.0000368446912870  0.0000207707951799
 -0.0001880657215825  0.0000506133338262 -0.0004186828034880 -0.0001259871205911  0.0005218438966892  0.0000477774578854  0.0001100579972420 -0.0002085426093693  0.0003231696481866 -0.0003031637177652  0.0001393351224683 -0.0000785486643819
 -0.0000188590951221  0.0000050754686662 -0.0000419852100133 -0.0000126338977214  0.0000477774578854  0.0000501910188316  0.0000110365367036 -0.0000209125026826  0.0000324072195849 -0.0000304010392898  0.0000139724257369 -0.0000078768034963
 -0.0000434429609861  0.0000116916207179 -0.0000967152362717 -0.0000291028770077  0.0001100579972420  0.0000110365367036  0.0000708231979698 -0.0000481730980347  0.0000746518094840 -0.0000700304630341  0.0000321862497772 -0.0000181446492935
  0.0000823175840902 -0.0000221537839446  0.0001832601741200  0.0000551453784680 -0.0002085426093693 -0.0000209125026826 -0.0000481730980347  0.0001366803802278 -0.0001414534475827  0.0001326967222959 -0.0000609878853200  0.0000343812590142
 -0.0001275640732148  0.0000343307805778 -0.0002839905292070 -0.0000854564571362  0.0003231696481866  0.0000324072195849  0.0000746518094840 -0.0001414534475827  0.0002646043457250 -0.0002056344897073  0.0000945103425248 -0.0000532791807557
  0.0001196671745199 -0.0000322055215647  0.0002664099958879  0.0000801662451837 -0.0003031637177652 -0.0000304010392898 -0.0000700304630341  0.0001326967222959 -0.0002056344897073  0.0002383045442590 -0.0000886596466217  0.0000499809143835
 -0.0000549994588405  0.0000148017722056 -0.0001224429812296 -0.0000368446912870  0.0001393351224683  0.0000139724257369  0.0000321862497772 -0.0000609878853200  0.0000945103425248 -0.0000886596466217  0.0000861482185455 -0.0000229714059388
  0.0000310053485232 -0.0000083443385748  0.0000690259029321  0.0000207707951799 -0.0000785486643819 -0.0000078768034963 -0.0000181446492935  0.0000343812590142 -0.0000532791807557  0.0000499809143835 -0.0000229714059388  0.0000583498107652



  0.0000453999297625  0.0000000000000000  0.0000000000000000  0.0000000000000000  0.0000000000000000  0.0000000000000000  0.0000000000000000  0.0000000000000000  0.0000000000000000  0.0000000000000000  0.0000000000000000  0.0000000000000000
  0.0000000000000000  0.0000453999297625  0.0000000000000000  0.0000000000000000  0.0000000000000000  0.0000000000000000  0.0000000000000000  0.0000000000000000  0.0000000000000000  0.0000000000000000  0.0000000000000000  0.0000000000000000
  0.0000000000000000  0.0000000000000000  0.0000453999297625  0.0000000000000000  0.0000000000000000  0.0000000000000000  0.0000000000000000  0.0000000000000000  0.0000000000000000  0.0000000000000000  0.0000000000000000  0.0000000000000000
  0.0000000000000000  0.0000000000000000  0.0000000000000000  0.0000453999297625  0.0000000000000000  0.0000000000000000  0.0000000000000000  0.0000000000000000  0.0000000000000000  0.0000000000000000  0.0000000000000000  0.0000000000000000
  0.0000000000000000  0.0000000000000000  0.0000000000000000  0.0000000000000000  0.0000453999297625  0.0000000000000000  0.0000000000000000  0.0000000000000000  0.0000000000000000  0.0000000000000000  0.0000000000000000  0.0000000000000000
  0.0000000000000000  0.0000000000000000  0.0000000000000000  0.0000000000000000  0.0000000000000000  0.0000453999297625  0.0000000000000000  0.0000000000000000  0.0000000000000000  0.0000000000000000  0.0000000000000000  0.0000000000000000
  0.0000000000000000  0.0000000000000000  0.0000000000000000  0.0000000000000000  0.0000000000000000  0.0000000000000000  0.0000453999297625  0.0000000000000000  0.0000000000000000  0.0000000000000000  0.0000000000000000  0.0000000000000000
  0.0000000000000000  0.0000000000000000  0.0000000000000000  0.0000000000000000  0.0000000000000000  0.0000000000000000  0.0000000000000000  0.0000453999297625  0.0000000000000000  0.0000000000000000  0.0000000000000000  0.0000000000000000
  0.0000000000000000  0.0000000000000000  0.0000000000000000  0.0000000000000000  0.0000000000000000  0.0000000000000000  0.0000000000000000  0.0000000000000000  0.0000453999297625  0.0000000000000000  0.0000000000000000  0.0000000000000000
  0.0000000000000000  0.0000000000000000  0.0000000000000000  0.0000000000000000  0.0000000000000000  0.0000000000000000  0.0000000000000000  0.0000000000000000  0.0000000000000000  0.0000453999297625  0.0000000000000000  0.0000000000000000
  0.0000000000000000  0.0000000000000000  0.0000000000000000  0.0000000000000000  0.0000000000000000  0.0000000000000000  0.0000000000000000  0.0000000000000000  0.0000000000000000  0.0000000000000000  0.0000453999297625  0.0000000000000000
  0.0000000000000000  0.0000000000000000  0.0000000000000000  0.0000000000000000  0.0000000000000000  0.0000000000000000  0.0000000000000000  0.0000000000000000  0.0000000000000000  0.0000000000000000  0.0000000000000000  0.0000453999297625



  0.4580706703077122 -0.5411153396938991  0.0974741235806943  0.8972094998505533  0.5747301276856127  0.8242279394897863 -1.0803263704106065 -0.0678968653060116  0.8165953505173840  0.5774415737835419  0.0452429429890112 -0.0554155560436596
 -0.5411153396938991  1.1615253948349864  0.1465162638237236 -0.8313290246408420 -0.8498701932217030 -0.3508347297603446  1.3658038457390442 -0.4330868234568716 -0.8128201818073520 -1.7513442998072477 -0.6944074792880650  0.5687451383724959
  0.0974741235806943  0.1465162638237236  0.1519127200468052  0.3055106229312124  0.0366838658954229  0.4875479809699482 -0.1850622398552074 -0.2716625546240926  0.2499059531752461 -0.4128592562536821 -0.3115528993549176  0.2403969238848395
  0.8972094998505533 -0.8313290246408420  0.3055106229312124  1.8576671721367612  1.0510003278858024  1.8872909204451187 -2.0770277609525913 -0.3577464441563549  1.6661140284214475  0.6630092389407956 -0.1920143860547062  0.1118051036845848
  0.5747301276856127 -0.8498701932217030  0.0366838658954229  1.0510003278858024  0.7771329930700385  0.8304060040811861 -1.3848791795934505  0.0827691922430918  0.9749536896518379  1.0744288712208930  0.2665096645989645 -0.2342214560469674
  0.8242279394897863 -0.3508347297603446  0.4875479809699482  1.8872909204451187  0.8304060040811861  2.2263190753066910 -1.8373174707155098 -0.7344809600314974  1.6506957993349405 -0.2362309022693586 -0.6831597536496754  0.5006197396223344
 -1.0803263704106065  1.3658038457390442 -0.1850622398552074 -2.0770277609525913 -1.3848791795934505 -1.8373174707155098  2.5635072237908307  0.0721749193951259 -1.9000363918322598 -1.5452224570063153 -0.2165615845793928  0.2169593223262814
 -0.0678968653060116 -0.4330868234568716 -0.2716625546240926 -0.3577464441563549  0.0827691922430918 -0.7344809600314974  0.0721749193951259  0.5146624001820266 -0.2703746532727913  0.9653278233280930  0.6233257973027576 -0.4864841126680154
  0.8165953505173840 -0.8128201818073520  0.2499059531752461  1.6661140284214475  0.9749536896518379  1.6506957993349405 -1.9000363918322598 -0.2703746532727913  1.5001142953038342  0.7184724948812314 -0.1057984960694709  0.0476096463268178
  0.5774415737835419 -1.7513442998072477 -0.4128592562536821  0.6630092389407956  1.0744288712208930 -0.2362309022693586 -1.5452224570063153  0.9653278233280930  0.7184724948812314  2.9170028660639230  1.3693274611176862 -1.1002669530129705
  0.0452429429890112 -0.6944074792880650 -0.3115528993549176 -0.1920143860547062  0.2665096645989645 -0.6831597536496754 -0.2165615845793928  0.6233257973027576 -0.1057984960694709  1.3693274611176862  0.7912339701929981 -0.6232026375704100
 -0.0554155560436596  0.5687451383724959  0.2403969238848395  0.1118051036845848 -0.2342214560469674  0.5006197396223344  0.2169593223262814 -0.4864841126680154  0.0476096463268178 -1.1002669530129705 -0.6232026375704100  0.4917879916800957



  2.8171295825233400  0.1902513917114944 -1.1167759258705656  0.9990686531662273 -1.0782804504990806 -1.2682839720590378 -3.0001635247812666 -1.6243699918614412 -1.6996463480519852  0.1395582054727030 -1.4988510063431673 -0.8800623816260658
  0.1902513917114944  0.0128955999401509 -0.0754222474340081  0.0674716005042137 -0.0728220374272000 -0.0856527634499946 -0.2026151936100481 -0.1097035111476815 -0.1147866322845016  0.0094261212804212 -0.1012260132044484 -0.0594336596183645
 -1.1167759258705656 -0.0754222474340081  0.4427691322310095 -0.3960603044216777  0.4274627325485503  0.5027851102680525  1.1893537639874094  0.6439496806456524  0.6737910801309845 -0.0553256548503646  0.5941898758996542  0.3488821696631395
  0.9990686531662273  0.0674716005042137 -0.3960603044216777  0.3543615443898396 -0.3824081203720720 -0.4497924358259151 -1.0639971747051615 -0.5760764726016586 -0.6027731076885070  0.0494935649528774 -0.5315617553665353 -0.3121112007394533
 -1.0782804504990806 -0.0728220374272000  0.4274627325485503 -0.3824081203720720  0.4127732858098335  0.4854541649057920  1.1483566236438068  0.6217521478599410  0.6505650694700641 -0.0534183056906196  0.5737077173629687  0.3368564372601917
 -1.2682839720590378 -0.0856527634499946  0.5027851102680525 -0.4497924358259151  0.4854541649057920  0.5710417941559582  1.3507085844032027  0.7313094705112517  0.7652000139012554 -0.0628303051748730  0.6747995963749811  0.3962147688967546
 -3.0001635247812666 -0.2026151936100481  1.1893537639874094 -1.0639971747051615  1.1483566236438068  1.3507085844032027  3.1951865200984300  1.7299355708990636  1.8101042377587426 -0.1486276527255419  1.5962593995096006  0.9372570476491580
 -1.6243699918614412 -0.1097035111476815  0.6439496806456524 -0.5760764726016586  0.6217521478599410  0.7313094705112517  1.7299355708990636  0.9366820475111091  0.9800412590814946 -0.0804724913537739  0.8642599467640300  0.5074547614035068
 -1.6996463480519852 -0.1147866322845016  0.6737910801309845 -0.6027731076885070  0.6505650694700641  0.7652000139012554  1.8101042377587426  0.9800412590814946  1.0255030282683895 -0.0842012353295726  0.9043107614796000  0.5309717427320287
  0.1395582054727030  0.0094261212804212 -0.0553256548503646  0.0494935649528774 -0.0534183056906196 -0.0628303051748730 -0.1486276527255419 -0.0804724913537739 -0.0842012353295726  0.0069598320449807 -0.0742538893266921 -0.0435974149937241
 -1.4988510063431673 -0.1012260132044484  0.5941898758996542 -0.5315617553665353  0.5737077173629687  0.6747995963749811  1.5962593995096006  0.8642599467640300  0.9043107614796000 -0.0742538893266921  0.7975215317650359  0.4682428500755240
 -0.8800623816260658 -0.0594336596183645  0.3488821696631395 -0.3121112007394533  0.3368564372601917  0.3962147688967546  0.9372570476491580  0.5074547614035068  0.5309717427320287 -0.0435974149937241  0.4682428500755240  0.2749794877908289



  0.0001771534527651 -0.0000778626825926 -0.0002017660863534  0.0000155215366292 -0.0001310201843443 -0.0001458377007045  0.0002514107441848 -0.0000420726893641 -0.0000269015423077  0.0000578621215342 -0.0001143527760114  0.0000420401174974
 -0.0000778626825926  0.0000914146184202  0.0001192381682225 -0.0000091727982096  0.0000774292997586  0.0000861860414903 -0.0001485767858704  0.0000248637940233  0.0000158980663456 -0.0000341949110770  0.0000675793231122 -0.0000248445449522
 -0.0002017660863534  0.0001192381682225  0.0003543825867314 -0.0000237695329013  0.0002006430585384  0.0002233344615259 -0.0003850080116671  0.0000644297145299  0.0000411967648727 -0.0000886095001029  0.0001751187486578 -0.0000643798342843
  0.0000155215366292 -0.0000091727982096 -0.0000237695329013  0.0000472284812413 -0.0000154351439272 -0.0000171807566266  0.0000296180396995 -0.0000049564730731 -0.0000031692000699  0.0000068165846223 -0.0000134716003114  0.0000049526358670
 -0.0001310201843443  0.0000774292997586  0.0002006430585384 -0.0000154351439272  0.0001756908572033  0.0001450259696682 -0.0002500113947509  0.0000418385132384  0.0000267518086194 -0.0000575400616029  0.0001137162897192 -0.0000418061226663
 -0.0001458377007045  0.0000861860414903  0.0002233344615259 -0.0000171807566266  0.0001450259696682  0.0002068273774852 -0.0002782860300715  0.0000465701723907  0.0000297772612538 -0.0000640474620346  0.0001265768500350 -0.0000465341186592
  0.0002514107441848 -0.0001485767858704 -0.0003850080116671  0.0000296180396995 -0.0002500113947509 -0.0002782860300715  0.0005251393769597 -0.0000802826816455 -0.0000513332517960  0.0001104119169150 -0.0002182068142197  0.0000802205283378
 -0.0000420726893641  0.0000248637940233  0.0000644297145299 -0.0000049564730731  0.0000418385132384  0.0000465701723907 -0.0000802826816455  0.0000588349495630  0.0000085904361958 -0.0000184770396250  0.0000365161303729 -0.0000134246186667
 -0.0000269015423077  0.0000158980663456  0.0000411967648727 -0.0000031692000699  0.0000267518086194  0.0000297772612538 -0.0000513332517960  0.0000085904361958  0.0000508927087185 -0.0000118143353968  0.0000233486435259 -0.0000085837856454
  0.0000578621215342 -0.0000341949110770 -0.0000886095001029  0.0000068165846223 -0.0000575400616029 -0.0000640474620346  0.0001104119169150 -0.0000184770396250 -0.0000118143353968  0.0000708112055458 -0.0000502202451407  0.0000184627350564
 -0.0001143527760114  0.0000675793231122  0.0001751187486578 -0.0000134716003114  0.0001137162897192  0.0001265768500350 -0.0002182068142197  0.0000365161303729  0.0000233486435259 -0.0000502202451407  0.0001446500832575 -0.0000364878602872
  0.0000420401174974 -0.0000248445449522 -0.0000643798342843  0.0000049526358670 -0.0000418061226663 -0.0000465341186592  0.0000802205283378 -0.0000134246186667 -0.0000085837856454  0.0000184627350564 -0.0000364878602872  0.0000588141553476



  0.5483987013709792 -0.9860463833235729 -0.5300089046299273  1.0495364284731992 -0.2556470953752399 -0.0241244866004988  0.7979508808653122 -0.4752553909122796 -0.3890926217609529  0.1778809634864018 -0.3226689219062757 -0.2963010632919189
 -0.9860463833235729  1.8476178316064036  0.9002534158603115 -1.9612735718303793  0.9161216393793418  0.1879649702910886 -1.5347372263068424  0.9690044730672300  0.8580576888135704 -0.4864735705957488  0.2987948657617128  0.5721330895035779
 -0.5300089046299273  0.9002534158603115  0.5497692613673181 -0.9619502549536838 -0.0765577707838105 -0.0792094271896609 -0.7004406666193961  0.3782321956646466  0.2637573424370248 -0.0537854337845872  0.5114380965466219  0.2585021464786844
  1.0495364284731992 -1.9612735718303793 -0.9619502549536838  2.0823741167736470 -0.9428624740051760 -0.1898525696916267  1.6265009828155520 -1.0233144830785057 -0.9021159520391937  0.5060256069390386 -0.3379171688510908 -0.6061934200353547
 -0.2556470953752399  0.9161216393793418 -0.0765577707838105 -0.9428624740051760  2.9166439882595427  0.8974135201434114 -0.9840922814886167  0.9227461180247418  1.1521986427093704 -1.1040856195666902 -1.5744497647886950  0.3791690416581057
 -0.0241244866004988  0.1879649702910886 -0.0792094271896609 -0.1898525696916267  0.8974135201434114  0.2818271192958584 -0.2290006609919989  0.2430281586040601  0.3246486241451522 -0.3313082062010194 -0.5322132005141667  0.0893895168777963
  0.7979508808653122 -1.5347372263068424 -0.7004406666193961  1.6265009828155520 -0.9840922814886167 -0.2290006609919989  1.2951296460761250 -0.8449999784487907 -0.7786118628854924  0.4822794416949677 -0.0921322268513824 -0.4839084604058376
 -0.4752553909122796  0.9690044730672300  0.3782321956646466 -1.0233144830785057  0.9227461180247418  0.2430281586040601 -0.8449999784487907  0.5876990201043117  0.5805581156796262 -0.4101235917619707 -0.1526895184363744  0.3172177326142692
 -0.3890926217609529  0.8580576888135704  0.2637573424370248 -0.9021159520391937  1.1521986427093704  0.3246486241451522 -0.7786118628854924  0.5805581156796262  0.6130337408704934 -0.4805949794759425 -0.3696391692279498  0.2938911670839320
