
  0.0000453999297625  0.0000000000000000  0.0000000000000000  0.0000000000000000  0.0000000000000000  0.0000000000000000  0.0000000000000000  0.0000000000000000  0.0000000000000000  0.0000000000000000  0.0000000000000000  0.0000000000000000
  0.0000000000000000  0.0000453999297625  0.0000000000000000  0.0000000000000000  0.0000000000000000  0.0000000000000000  0.0000000000000000  0.0000000000000000  0.0000000000000000  0.0000000000000000  0.0000000000000000  0.0000000000000000
  0.0000000000000000  0.0000000000000000  0.0000453999297625  0.0000000000000000  0.0000000000000000  0.0000000000000000  0.0000000000000000  0.0000000000000000  0.0000000000000000  0.0000000000000000  0.0000000000000000  0.0000000000000000
  0.0000000000000000  0.0000000000000000  0.0000000000000000  0.0000453999297625  0.0000000000000000  0.0000000000000000  0.0000000000000000  0.0000000000000000  0.0000000000000000  0.0000000000000000  0.0000000000000000  0.0000000000000000
  0.0000000000000000  0.0000000000000000  0.0000000000000000  0.0000000000000000  0.0000453999297625  0.0000000000000000  0.0000000000000000  0.0000000000000000  0.0000000000000000  0.0000000000000000  0.0000000000000000  0.0000000000000000
  0.0000000000000000  0.0000000000000000  0.0000000000000000  0.0000000000000000  0.0000000000000000  0.0000453999297625  0.0000000000000000  0.0000000000000000  0.0000000000000000  0.0000000000000000  0.0000000000000000  0.0000000000000000
  0.0000000000000000  0.0000000000000000  0.0000000000000000  0.0000000000000000  0.0000000000000000  0.0000000000000000  0.0000453999297625  0.0000000000000000  0.0000000000000000  0.0000000000000000  0.0000000000000000  0.0000000000000000
  0.0000000000000000  0.0000000000000000  0.0000000000000000  0.0000000000000000  0.0000000000000000  0.0000000000000000  0.0000000000000000  0.0000453999297625  0.0000000000000000  0.0000000000000000  0.0000000000000000  0.0000000000000000
  0.0000000000000000  0.0000000000000000  0.0000000000000000  0.0000000000000000  0.0000000000000000  0.0000000000000000  0.0000000000000000  0.0000000000000000  0.0000453999297625  0.0000000000000000  0.0000000000000000  0.0000000000000000
  0.0000000000000000  0.0000000000000000  0.0000000000000000  0.0000000000000000  0.0000000000000000  0.0000000000000000  0.0000000000000000  0.0000000000000000  0.0000000000000000  0.0000453999297625  0.0000000000000000  0.0000000000000000
  0.0000000000000000  0.0000000000000000  0.0000000000000000  0.0000000000000000  0.0000000000000000  0.0000000000000000  0.0000000000000000  0.0000000000000000  0.0000000000000000  0.0000000000000000  0.0000453999297625  0.0000000000000000
  0.0000000000000000  0.0000000000000000  0.0000000000000000  0.0000000000000000  0.0000000000000000  0.0000000000000000  0.0000000000000000  0.0000000000000000  0.0000000000000000  0.0000000000000000  0.0000000000000000  0.0000453999297625



  0.0000453999297625  0.0000000000000000  0.0000000000000000  0.0000000000000000  0.0000000000000000  0.0000000000000000  0.0000000000000000  0.0000000000000000  0.0000000000000000  0.0000000000000000  0.0000000000000000  0.0000000000000000
  0.0000000000000000  0.0000453999297625  0.0000000000000000  0.0000000000000000  0.0000000000000000  0.0000000000000000  0.0000000000000000  0.0000000000000000  0.0000000000000000  0.0000000000000000  0.0000000000000000  0.0000000000000000
  0.0000000000000000  0.0000000000000000  0.0000453999297625  0.0000000000000000  0.0000000000000000  0.0000000000000000  0.0000000000000000  0.0000000000000000  0.0000000000000000  0.0000000000000000  0.0000000000000000  0.0000000000000000
  0.0000000000000000  0.0000000000000000  0.0000000000000000  0.0000453999297625  0.0000000000000000  0.0000000000000000  0.0000000000000000  0.0000000000000000  0.0000000000000000  0.0000000000000000  0.0000000000000000  0.0000000000000000
  0.0000000000000000  0.0000000000000000  0.0000000000000000  0.0000000000000000  0.0000453999297625  0.0000000000000000  0.0000000000000000  0.0000000000000000  0.0000000000000000  0.0000000000000000  0.0000000000000000  0.0000000000000000
  0.0000000000000000  0.0000000000000000  0.0000000000000000  0.0000000000000000  0.0000000000000000  0.0000453999297625  0.0000000000000000  0.0000000000000000  0.0000000000000000  0.0000000000000000  0.0000000000000000  0.0000000000000000
  0.0000000000000000  0.0000000000000000  0.0000000000000000  0.0000000000000000  0.0000000000000000  0.0000000000000000  0.0000453999297625  0.0000000000000000  0.0000000000000000  0.0000000000000000  0.0000000000000000  0.0000000000000000
  0.0000000000000000  0.0000000000000000  0.0000000000000000  0.0000000000000000  0.0000000000000000  0.0000000000000000  0.0000000000000000  0.0000453999297625  0.0000000000000000  0.0000000000000000  0.0000000000000000  0.0000000000000000
  0.0000000000000000  0.0000000000000000  0.0000000000000000  0.0000000000000000  0.0000000000000000  0.0000000000000000  0.0000000000000000  0.0000000000000000  0.0000453999297625  0.0000000000000000  0.0000000000000000  0.0000000000000000
  0.0000000000000000  0.0000000000000000  0.0000000000000000  0.0000000000000000  0.0000000000000000  0.0000000000000000  0.0000000000000000  0.0000000000000000  0.0000000000000000  0.0000453999297625  0.0000000000000000  0.0000000000000000
  0.0000000000000000  0.0000000000000000  0.0000000000000000  0.0000000000000000  0.0000000000000000  0.0000000000000000  0.0000000000000000  0.0000000000000000  0.0000000000000000  0.0000000000000000  0.0000453999297625  0.0000000000000000
  0.0000000000000000  0.0000000000000000  0.0000000000000000  0.0000000000000000  0.0000000000000000  0.0000000000000000  0.0000000000000000  0.0000000000000000  0.0000000000000000  0.0000000000000000  0.0000000000000000  0.0000453999297625



  0.0000453999297625  0.0000000000000000  0.0000000000000000  0.0000000000000000  0.0000000000000000  0.0000000000000000  0.0000000000000000  0.0000000000000000  0.0000000000000000  0.0000000000000000  0.0000000000000000  0.0000000000000000
  0.0000000000000000  0.0000453999297625  0.0000000000000000  0.0000000000000000  0.0000000000000000  0.0000000000000000  0.0000000000000000  0.0000000000000000  0.0000000000000000  0.0000000000000000  0.0000000000000000  0.0000000000000000
  0.0000000000000000  0.0000000000000000  0.0000453999297625  0.0000000000000000  0.0000000000000000  0.0000000000000000  0.0000000000000000  0.0000000000000000  0.0000000000000000  0.0000000000000000  0.0000000000000000  0.0000000000000000
  0.0000000000000000  0.0000000000000000  0.0000000000000000  0.0000453999297625  0.0000000000000000  0.0000000000000000  0.0000000000000000  0.0000000000000000  0.0000000000000000  0.0000000000000000  0.0000000000000000  0.0000000000000000
  0.0000000000000000  0.0000000000000000  0.0000000000000000  0.0000000000000000  0.0000453999297625  0.0000000000000000  0.0000000000000000  0.0000000000000000  0.0000000000000000  0.0000000000000000  0.0000000000000000  0.0000000000000000
  0.0000000000000000  0.0000000000000000  0.0000000000000000  0.0000000000000000  0.0000000000000000  0.0000453999297625  0.0000000000000000  0.0000000000000000  0.0000000000000000  0.0000000000000000  0.0000000000000000  0.0000000000000000
  0.0000000000000000  0.0000000000000000  0.0000000000000000  0.0000000000000000  0.0000000000000000  0.0000000000000000  0.0000453999297625  0.0000000000000000  0.0000000000000000  0.0000000000000000  0.0000000000000000  0.0000000000000000
  0.0000000000000000  0.0000000000000000  0.0000000000000000  0.0000000000000000  0.0000000000000000  0.0000000000000000  0.0000000000000000  0.0000453999297625  0.0000000000000000  0.0000000000000000  0.0000000000000000  0.0000000000000000
  0.0000000000000000  0.0000000000000000  0.0000000000000000  0.0000000000000000  0.0000000000000000  0.0000000000000000  0.0000000000000000  0.0000000000000000  0.0000453999297625  0.0000000000000000  0.0000000000000000  0.0000000000000000
  0.0000000000000000  0.0000000000000000  0.0000000000000000  0.0000000000000000  0.0000000000000000  0.0000000000000000  0.0000000000000000  0.0000000000000000  0.0000000000000000  0.0000453999297625  0.0000000000000000  0.0000000000000000
  0.0000000000000000  0.0000000000000000  0.0000000000000000  0.0000000000000000  0.0000000000000000  0.0000000000000000  0.0000000000000000  0.0000000000000000  0.0000000000000000  0.0000000000000000  0.0000453999297625  0.0000000000000000
  0.0000000000000000  0.0000000000000000  0.0000000000000000  0.0000000000000000  0.0000000000000000  0.0000000000000000  0.0000000000000000  0.0000000000000000  0.0000000000000000  0.0000000000000000  0.0000000000000000  0.0000453999297625



  0.0001085721633760  0.0054112018310309 -0.0078478154455397  0.0019839463835265  0.0008960372433152 -0.0097727428962816 -0.0023487331794561 -0.0035816118286634 -0.0042175272196433 -0.0007649720005683 -0.0057490542884718  0.0050624481494874
  0.0054112018310309  0.4636033408324434 -0.6722945330171962  0.1699567548296713  0.0767576582453054 -0.8371945129413314 -0.2012057012495472 -0.3068228370035475 -0.3613012837081501 -0.0655344467645214 -0.4925023641814351  0.4336817375517672
 -0.0078478154455397 -0.6722945330171962  0.9750690279882321 -0.2464869684228516 -0.1113209997781262  1.2141767801731178  0.2918070588890291  0.4449827980339434  0.5239925047034617  0.0950441421892695  0.7142724399855949 -0.6289653083582053
  0.0019839463835265  0.1699567548296713 -0.2464869684228516  0.0623575748739757  0.0281421150993305 -0.3069451635110845 -0.0737691606688294 -0.1124921282804725 -0.1324658267416820 -0.0240272166259890 -0.1805687770855100  0.1590030769262729
  0.0008960372433152  0.0767576582453054 -0.1113209997781262  0.0281421150993305  0.0127553666831223 -0.1386258426301141 -0.0333164897097903 -0.0508049183997041 -0.0598255562458284 -0.0108513209050867 -0.0815502802502013  0.0718106303512725
 -0.0097727428962816 -0.8371945129413314  1.2141767801731178 -0.3069451635110845 -0.1386258426301141  1.5120347252326207  0.3633813755012295  0.5541279288486074  0.6525170148797343  0.1183564305749309  0.8894686649523723 -0.7832375137135298
 -0.0023487331794561 -0.2012057012495472  0.2918070588890291 -0.0737691606688294 -0.0333164897097903  0.3633813755012295  0.0873780941743724  0.1331754079704727  0.1568215161391111  0.0284449191456841  0.2137688581267580 -0.1882380302892682
 -0.0035816118286634 -0.3068228370035475  0.4449827980339434 -0.1124921282804725 -0.0508049183997041  0.5541279288486074  0.1331754079704727  0.2031273696893476  0.2391404962366041  0.0433763425796060  0.3259807339221983 -0.2870481708602793
 -0.0042175272196433 -0.3613012837081501  0.5239925047034617 -0.1324658267416820 -0.0598255562458284  0.6525170148797343  0.1568215161391111  0.2391404962366041  0.2816469394490753  0.0510781950636270  0.3838608750363253 -0.3380155046323651
 -0.0007649720005683 -0.0655344467645214  0.0950441421892695 -0.0240272166259890 -0.0108513209050867  0.1183564305749309  0.0284449191456841  0.0433763425796060  0.0510781950636270  0.0093102779037937  0.0696264822648848 -0.0613107782132024
 -0.0057490542884718 -0.4925023641814351  0.7142724399855949 -0.1805687770855100 -0.0815502802502013  0.8894686649523723  0.2137688581267580  0.3259807339221983  0.3838608750363253  0.0696264822648848  0.5232995424533946 -0.4607607095495717
  0.0050624481494874  0.4336817375517672 -0.6289653083582053  0.1590030769262729  0.0718106303512725 -0.7832375137135298 -0.1882380302892682 -0.2870481708602793 -0.3380155046323651 -0.0613107782132024 -0.4607607095495717  0.4057764500166073



  0.0000453999297625  0.0000000000000000  0.0000000000000000  0.0000000000000000  0.0000000000000000  0.0000000000000000  0.0000000000000000  0.0000000000000000  0.0000000000000000  0.0000000000000000  0.0000000000000000  0.0000000000000000
  0.0000000000000000  0.0000453999297625  0.0000000000000000  0.0000000000000000  0.0000000000000000  0.0000000000000000  0.0000000000000000  0.0000000000000000  0.0000000000000000  0.0000000000000000  0.0000000000000000  0.0000000000000000
  0.0000000000000000  0.0000000000000000  0.0000453999297625  0.0000000000000000  0.0000000000000000  0.0000000000000000  0.0000000000000000  0.0000000000000000  0.0000000000000000  0.0000000000000000  0.0000000000000000  0.0000000000000000
  0.0000000000000000  0.0000000000000000  0.0000000000000000  0.0000453999297625  0.0000000000000000  0.0000000000000000  0.0000000000000000  0.0000000000000000  0.0000000000000000  0.0000000000000000  0.0000000000000000  0.0000000000000000
  0.0000000000000000  0.0000000000000000  0.0000000000000000  0.0000000000000000  0.0000453999297625  0.0000000000000000  0.0000000000000000  0.0000000000000000  0.0000000000000000  0.0000000000000000  0.0000000000000000  0.0000000000000000
  0.0000000000000000  0.0000000000000000  0.0000000000000000  0.0000000000000000  0.0000000000000000  0.0000453999297625  0.0000000000000000  0.0000000000000000  0.0000000000000000  0.0000000000000000  0.0000000000000000  0.0000000000000000
  0.0000000000000000  0.0000000000000000  0.0000000000000000  0.0000000000000000  0.0000000000000000  0.0000000000000000  0.0000453999297625  0.0000000000000000  0.0000000000000000  0.0000000000000000  0.0000000000000000  0.0000000000000000
  0.0000000000000000  0.0000000000000000  0.0000000000000000  0.0000000000000000  0.0000000000000000  0.0000000000000000  0.0000000000000000  0.0000453999297625  0.0000000000000000  0.0000000000000000  0.0000000000000000  0.0000000000000000
  0.0000000000000000  0.0000000000000000  0.0000000000000000  0.0000000000000000  0.0000000000000000  0.0000000000000000  0.0000000000000000  0.0000000000000000  0.0000453999297625  0.0000000000000000  0.0000000000000000  0.0000000000000000
  0.0000000000000000  0.0000000000000000  0.0000000000000000  0.0000000000000000  0.0000000000000000  0.0000000000000000  0.0000000000000000  0.0000000000000000  0.0000000000000000  0.0000453999297625  0.0000000000000000  0.0000000000000000
  0.0000000000000000  0.0000000000000000  0.0000000000000000  0.0000000000000000  0.0000000000000000  0.0000000000000000  0.0000000000000000  0.0000000000000000  0.0000000000000000  0.0000000000000000  0.0000453999297625  0.0000000000000000
  0.0000000000000000  0.0000000000000000  0.0000000000000000  0.0000000000000000  0.0000000000000000  0.0000000000000000  0.0000000000000000  0.0000000000000000  0.0000000000000000  0.0000000000000000  0.0000000000000000  0.0000453999297625



  0.3697159974047862  0.0328787886554517 -0.5092688641471331  0.1277757814975124 -0.3088025315113146 -0.3042066229190457 -0.2062318645596397  0.2532384666389806 -0.2089042456499523 -0.1708564023027796 -0.3539261524392642 -0.5736610911197784
  0.0328787886554517  0.0029696695549077 -0.0452947837587852  0.0113644883040692 -0.0274651584480828 -0.0270563738652963 -0.0183424199645724  0.0225232463287056 -0.0185800950087352 -0.0151961207628324 -0.0314784831034242 -0.0510218597657223
 -0.5092688641471331 -0.0452947837587852  0.7016289211599974 -0.1760276396171803  0.4254153457859853  0.4190838132138337  0.2841109521630774 -0.3488686848382003  0.2877924699043183  0.2353767758459560  0.4875789273238188  0.7902920406599839
  0.1277757814975124  0.0113644883040692 -0.1760276396171803  0.0442108294048675 -0.1067369311493897 -0.1051483152180012 -0.0712835603599695  0.0875313384448858 -0.0722072417809227 -0.0590561670250543 -0.1223337933774116 -0.1982846182075063
 -0.3088025315113146 -0.0274651584480828  0.4254153457859853 -0.1067369311493897  0.2580021970104482  0.2541175276064608  0.1722747757345550 -0.2115416204289826  0.1745070953139288  0.1427241593889263  0.2956505697256669  0.4792049909178536
 -0.3042066229190457 -0.0270563738652963  0.4190838132138337 -0.1051483152180012  0.2541175276064608  0.2503808885667775  0.1697108163060173 -0.2083931534990629  0.1719099495145888  0.1405999075751045  0.2912503257206934  0.4720729868195975
 -0.2062318645596397 -0.0183424199645724  0.2841109521630774 -0.0712835603599695  0.1722747757345550  0.1697108163060173  0.1150980506333575 -0.1412766908515410  0.1165435215451840  0.0953173780850005  0.1974483468018839  0.3200340989398461
  0.2532384666389806  0.0225232463287056 -0.3488686848382003  0.0875313384448858 -0.2115416204289826 -0.2083931534990629 -0.1412766908515410  0.1735235098843239 -0.1431073351967542 -0.1170432471088033 -0.2424529999731100 -0.3929797347113312
 -0.2089042456499523 -0.0185800950087352  0.2877924699043183 -0.0722072417809227  0.1745070953139288  0.1719099495145888  0.1165435215451840 -0.1431073351967542  0.1180991267463167  0.0965524772543663  0.2000068781508650  0.3241811470684896
 -0.1708564023027796 -0.0151961207628324  0.2353767758459560 -0.0590561670250543  0.1427241593889263  0.1405999075751045  0.0953173780850005 -0.1170432471088033  0.0965524772543663  0.0790128440242345  0.1635796225643386  0.2651378529149301
 -0.3539261524392642 -0.0314784831034242  0.4875789273238188 -0.1223337933774116  0.2956505697256669  0.2912503257206934  0.1974483468018839 -0.2424529999731100  0.2000068781508650  0.1635796225643386  0.3388977355694411  0.5492285908754051
 -0.5736610911197784 -0.0510218597657223  0.7902920406599839 -0.1982846182075063  0.4792049909178536  0.4720729868195975  0.3200340989398461 -0.3929797347113312  0.3241811470684896  0.2651378529149301  0.5492285908754051  0.8902623925700401



  0.0000453999297625  0.0000000000000000  0.0000000000000000  0.0000000000000000  0.0000000000000000  0.0000000000000000  0.0000000000000000  0.0000000000000000  0.0000000000000000  0.0000000000000000  0.0000000000000000  0.0000000000000000
  0.0000000000000000  0.0000453999297625  0.0000000000000000  0.0000000000000000  0.0000000000000000  0.0000000000000000  0.0000000000000000  0.0000000000000000  0.0000000000000000  0.0000000000000000  0.0000000000000000  0.0000000000000000
  0.0000000000000000  0.0000000000000000  0.0000453999297625  0.0000000000000000  0.0000000000000000  0.0000000000000000  0.0000000000000000  0.0000000000000000  0.0000000000000000  0.0000000000000000  0.0000000000000000  0.0000000000000000
  0.0000000000000000  0.0000000000000000  0.0000000000000000  0.0000453999297625  0.0000000000000000  0.0000000000000000  0.0000000000000000  0.0000000000000000  0.0000000000000000  0.0000000000000000  0.0000000000000000  0.0000000000000000
  0.0000000000000000  0.0000000000000000  0.0000000000000000  0.0000000000000000  0.0000453999297625  0.0000000000000000  0.0000000000000000  0.0000000000000000  0.0000000000000000  0.0000000000000000  0.0000000000000000  0.0000000000000000
  0.0000000000000000  0.0000000000000000  0.0000000000000000  0.0000000000000000  0.0000000000000000  0.0000453999297625  0.0000000000000000  0.0000000000000000  0.0000000000000000  0.0000000000000000  0.0000000000000000  0.0000000000000000
  0.0000000000000000  0.0000000000000000  0.0000000000000000  0.0000000000000000  0.0000000000000000  0.0000000000000000  0.0000453999297625  0.0000000000000000  0.0000000000000000  0.0000000000000000  0.0000000000000000  0.0000000000000000
  0.0000000000000000  0.0000000000000000  0.0000000000000000  0.0000000000000000  0.0000000000000000  0.0000000000000000  0.0000000000000000  0.0000453999297625  0.0000000000000000  0.0000000000000000  0.0000000000000000  0.0000000000000000
  0.0000000000000000  0.0000000000000000  0.0000000000000000  0.0000000000000000  0.0000000000000000  0.0000000000000000  0.0000000000000000  0.0000000000000000  0.0000453999297625  0.0000000000000000  0.0000000000000000  0.0000000000000000
  0.0000000000000000  0.0000000000000000  0.0000000000000000  0.0000000000000000  0.0000000000000000  0.0000000000000000  0.0000000000000000  0.0000000000000000  0.0000000000000000  0.0000453999297625  0.0000000000000000  0.0000000000000000
  0.0000000000000000  0.0000000000000000  0.0000000000000000  0.0000000000000000  0.0000000000000000  0.0000000000000000  0.0000000000000000  0.0000000000000000  0.0000000000000000  0.0000000000000000  0.0000453999297625  0.0000000000000000
  0.0000000000000000  0.0000000000000000  0.0000000000000000  0.0000000000000000  0.0000000000000000  0.0000000000000000  0.0000000000000000  0.0000000000000000  0.0000000000000000  0.0000000000000000  0.0000000000000000  0.0000453999297625



  0.0000457552001930  0.0000016984735056  0.0000008443743339  0.0000036694561741  0.0000018634059851  0.0000007533718505  0.0000024011526566  0.0000033030534845  0.0000005374474223 -0.0000039567432492 -0.0000030117541850  0.0000015782214339
  0.0000016984735056  0.0000535199757938  0.0000040367768095  0.0000175429012854  0.0000089085536659  0.0000036017130000  0.0000114794078541  0.0000157912067808  0.0000025694235408 -0.0000189163606099 -0.0000143985658520  0.0000075451460674
  0.0000008443743339  0.0000040367768095  0.0000474067616137  0.0000087212285258  0.0000044287732736  0.0000017905454546  0.0000057068404825  0.0000078503960544  0.0000012773559809 -0.0000094040262253 -0.0000071580624662  0.0000037509726609
  0.0000036694561741  0.0000175429012854  0.0000087212285258  0.0000833003781493  0.0000192464275390  0.0000077812977136  0.0000248006129550  0.0000341160112472  0.0000055510945827 -0.0000408677297613 -0.0000311072890989  0.0000163008623514
  0.0000018634059851  0.0000089085536659  0.0000044287732736  0.0000192464275390  0.0000551735601226  0.0000039514620269  0.0000125941306892  0.0000173246324605  0.0000028189307566 -0.0000207532584182 -0.0000157967573224  0.0000082778272929
  0.0000007533718505  0.0000036017130000  0.0000017905454546  0.0000077812977136  0.0000039514620269  0.0000469974990970  0.0000050917854827  0.0000070043192525  0.0000011396888803 -0.0000083905068591 -0.0000063866019492  0.0000033467114069
  0.0000024011526566  0.0000114794078541  0.0000057068404825  0.0000248006129550  0.0000125941306892  0.0000050917854827  0.0000616285082919  0.0000223242211246  0.0000036324253164 -0.0000267422891100 -0.0000203554277023  0.0000106666647815
  0.0000033030534845  0.0000157912067808  0.0000078503960544  0.0000341160112472  0.0000173246324605  0.0000070043192525  0.0000223242211246  0.0000761093876438  0.0000049968064569 -0.0000367870035192 -0.0000280011627814  0.0000146731879698
  0.0000005374474223  0.0000025694235408  0.0000012773559809  0.0000055510945827  0.0000028189307566  0.0000011396888803  0.0000036324253164  0.0000049968064569  0.0000462129716229 -0.0000059856978727 -0.0000045561335380  0.0000023875081310
 -0.0000039567432492 -0.0000189163606099 -0.0000094040262253 -0.0000408677297613 -0.0000207532584182 -0.0000083905068591 -0.0000267422891100 -0.0000367870035192 -0.0000059856978727  0.0000894672536843  0.0000335427241263 -0.0000175770806365
 -0.0000030117541850 -0.0000143985658520 -0.0000071580624662 -0.0000311072890989 -0.0000157967573224 -0.0000063866019492 -0.0000203554277023 -0.0000280011627814 -0.0000045561335380  0.0000335427241263  0.0000709316444590 -0.0000133791461397
  0.0000015782214339  0.0000075451460674  0.0000037509726609  0.0000163008623514  0.0000082778272929  0.0000033467114069  0.0000106666647815  0.0000146731879698  0.0000023875081310 -0.0000175770806365 -0.0000133791461397  0.0000524108788333



  0.0000453999297625  0.0000000000000000  0.0000000000000000  0.0000000000000000  0.0000000000000000  0.0000000000000000  0.0000000000000000  0.0000000000000000  0.0000000000000000  0.0000000000000000  0.0000000000000000  0.0000000000000000
  0.0000000000000000  0.0000453999297625  0.0000000000000000  0.0000000000000000  0.0000000000000000  0.0000000000000000  0.0000000000000000  0.0000000000000000  0.0000000000000000  0.0000000000000000  0.0000000000000000  0.0000000000000000
  0.0000000000000000  0.0000000000000000  0.0000453999297625  0.0000000000000000  0.0000000000000000  0.0000000000000000  0.0000000000000000  0.0000000000000000  0.0000000000000000  0.0000000000000000  0.0000000000000000  0.0000000000000000
  0.0000000000000000  0.0000000000000000  0.0000000000000000  0.0000453999297625  0.0000000000000000  0.0000000000000000  0.0000000000000000  0.0000000000000000  0.0000000000000000  0.0000000000000000  0.0000000000000000  0.0000000000000000
  0.0000000000000000  0.0000000000000000  0.0000000000000000  0.0000000000000000  0.0000453999297625  0.0000000000000000  0.0000000000000000  0.0000000000000000  0.0000000000000000  0.0000000000000000  0.0000000000000000  0.0000000000000000
  0.0000000000000000  0.0000000000000000  0.0000000000000000  0.0000000000000000  0.0000000000000000  0.0000453999297625  0.0000000000000000  0.0000000000000000  0.0000000000000000  0.0000000000000000  0.0000000000000000  0.0000000000000000
  0.0000000000000000  0.0000000000000000  0.0000000000000000  0.0000000000000000  0.0000000000000000  0.0000000000000000  0.0000453999297625  0.0000000000000000  0.0000000000000000  0.0000000000000000  0.0000000000000000  0.0000000000000000
  0.0000000000000000  0.0000000000000000  0.0000000000000000  0.0000000000000000  0.0000000000000000  0.0000000000000000  0.0000000000000000  0.0000453999297625  0.0000000000000000  0.0000000000000000  0.0000000000000000  0.0000000000000000
  0.0000000000000000  0.0000000000000000  0.0000000000000000  0.0000000000000000  0.0000000000000000  0.0000000000000000  0.0000000000000000  0.0000000000000000  0.0000453999297625  0.0000000000000000  0.0000000000000000  0.0000000000000000
  0.0000000000000000  0.0000000000000000  0.0000000000000000  0.0000000000000000  0.0000000000000000  0.0000000000000000  0.0000000000000000  0.0000000000000000  0.0000000000000000  0.0000453999297625  0.0000000000000000  0.0000000000000000
  0.0000000000000000  0.0000000000000000  0.0000000000000000  0.0000000000000000  0.0000000000000000  0.0000000000000000  0.0000000000000000  0.0000000000000000  0.0000000000000000  0.0000000000000000  0.0000453999297625  0.0000000000000000
  0.0000000000000000  0.0000000000000000  0.0000000000000000  0.0000000000000000  0.0000000000000000  0.0000000000000000  0.0000000000000000  0.0000000000000000  0.0000000000000000  0.0000000000000000  0.0000000000000000  0.0000453999297625



  0.0000460562653410 -0.0000022703447559  0.0000008225550453 -0.0000051275285692  0.0000009471474637 -0.0000081515470973 -0.0000015630964325 -0.0000027831183847 -0.0000026944081380 -0.0000013449410370  0.0000028912041155  0.0000006127113160
 -0.0000022703447559  0.0000532533289670 -0.0000028453181492  0.0000177367462286 -0.0000032762985088  0.0000281971948638  0.0000054069410594  0.0000096271456800  0.0000093202861254  0.0000046523149592 -0.0000100010273954 -0.0000021194431152
  0.0000008225550453 -0.0000028453181492  0.0000464307999830 -0.0000064260945658  0.0000011870161400 -0.0000102159572196 -0.0000019589565139 -0.0000034879536382 -0.0000033767771862 -0.0000016855524397  0.0000036234124890  0.0000007678827734
 -0.0000051275285692  0.0000177367462286 -0.0000064260945658  0.0000854580190798 -0.0000073994551540  0.0000636828049403  0.0000122114690654  0.0000217427174381  0.0000210496812246  0.0000105071609959 -0.0000225871218716 -0.0000047867202088
  0.0000009471474637 -0.0000032762985088  0.0000011870161400 -0.0000073994551540  0.0000467667432453 -0.0000117633683300 -0.0000022556796705 -0.0000040162739999 -0.0000038882576499 -0.0000019408630793  0.0000041722508036  0.0000008841939824
 -0.0000081515470973  0.0000281971948638 -0.0000102159572196  0.0000636828049403 -0.0000117633683300  0.0001466403961498  0.0000194133223971  0.0000345657333407  0.0000334639711061  0.0000167038791811 -0.0000359081349317 -0.0000076097431144
 -0.0000015630964325  0.0000054069410594 -0.0000019589565139  0.0000122114690654 -0.0000022556796705  0.0000194133223971  0.0000491225231082  0.0000066281374354  0.0000064168694886  0.0000032030452189 -0.0000068855490792 -0.0000014592030412
 -0.0000027831183847  0.0000096271456800 -0.0000034879536382  0.0000217427174381 -0.0000040162739999  0.0000345657333407  0.0000066281374354  0.0000572014352673  0.0000114253395214  0.0000057030736239 -0.0000122598310844 -0.0000025981345273
 -0.0000026944081380  0.0000093202861254 -0.0000033767771862  0.0000210496812246 -0.0000038882576499  0.0000334639711061  0.0000064168694886  0.0000114253395214  0.0000564610933678  0.0000055212915371 -0.0000118690562451 -0.0000025153205313
 -0.0000013449410370  0.0000046523149592 -0.0000016855524397  0.0000105071609959 -0.0000019408630793  0.0000167038791811  0.0000032030452189  0.0000057030736239  0.0000055212915371  0.0000481559382011 -0.0000059245593083 -0.0000012555476493
  0.0000028912041155 -0.0000100010273954  0.0000036234124890 -0.0000225871218716  0.0000041722508036 -0.0000359081349317 -0.0000068855490792 -0.0000122598310844 -0.0000118690562451 -0.0000059245593083  0.0000581358860484  0.0000026990361888
  0.0000006127113160 -0.0000021194431152  0.0000007678827734 -0.0000047867202088  0.0000008841939824 -0.0000076097431144 -0.0000014592030412 -0.0000025981345273 -0.0000025153205313 -0.0000012555476493  0.0000026990361888  0.0000459719163636



  0.0000932910177242 -0.0000082143849799 -0.0000166949574603 -0.0000049114548430 -0.0000292062555631 -0.0000620293706789  0.0000134176462895 -0.0000407870073726  0.0000233663733248  0.0000239902577396 -0.0000409557098121  0.0000321461201228
 -0.0000082143849799  0.0000468088791823  0.0000028635559065  0.0000008424235616  0.0000050095213374  0.0000106394143984 -0.0000023014242699  0.0000069958774168 -0.0000040078518623 -0.0000041148618924  0.0000070248136311 -0.0000055137733874
 -0.0000166949574603  0.0000028635559065  0.0000512198352285  0.0000017121458952  0.0000101813764304  0.0000216235994807 -0.0000046774262927  0.0000142184565438 -0.0000081455783375 -0.0000083630660624  0.0000142772666517 -0.0000112062208400
 -0.0000049114548430  0.0000008424235616  0.0000017121458952  0.0000459036224056  0.0000029952379751  0.0000063614017972 -0.0000013760423213  0.0000041828981846 -0.0000023963307645 -0.0000024603130264  0.0000042001994080 -0.0000032967348223
 -0.0000292062555631  0.0000050095213374  0.0000101813764304  0.0000029952379751  0.0000632112888341  0.0000378284505442 -0.0000081827167280  0.0000248738504736 -0.0000142499220617 -0.0000146303963511  0.0000249767332180 -0.0000196042278350
 -0.0000620293706789  0.0000106394143984  0.0000216235994807  0.0000063614017972  0.0000378284505442  0.0001257414502955 -0.0000173787690101  0.0000528280418525 -0.0000302645334252 -0.0000310725993781  0.0000530465481884 -0.0000416362142907
  0.0000134176462895 -0.0000023014242699 -0.0000046774262927 -0.0000013760423213 -0.0000081827167280 -0.0000173787690101  0.0000491591517725 -0.0000114272960048  0.0000065465568999  0.0000067213505987 -0.0000114745613679  0.0000090063785924
 -0.0000407870073726  0.0000069958774168  0.0000142184565438  0.0000041828981846  0.0000248738504736  0.0000528280418525 -0.0000114272960048  0.0000801366634894 -0.0000199002461968 -0.0000204315846840  0.0000348804111403 -0.0000273776206441
  0.0000233663733248 -0.0000040078518623 -0.0000081455783375 -0.0000023963307645 -0.0000142499220617 -0.0000302645334252  0.0000065465568999 -0.0000199002461968  0.0000568005352945  0.0000117050027961 -0.0000199825572143  0.0000156843011028
  0.0000239902577396 -0.0000041148618924 -0.0000083630660624 -0.0000024603130264 -0.0000146303963511 -0.0000310725993781  0.0000067213505987 -0.0000204315846840  0.0000117050027961  0.0000574174572589 -0.0000205160934136  0.0000161030734505
 -0.0000409557098121  0.0000070248136311  0.0000142772666517  0.0000042001994080  0.0000249767332180  0.0000530465481884 -0.0000114745613679  0.0000348804111403 -0.0000199825572143 -0.0000205160934136  0.0000804246125919 -0.0000274908594348
  0.0000321461201228 -0.0000055137733874 -0.0000112062208400 -0.0000032967348223 -0.0000196042278350 -0.0000416362142907  0.0000090063785924 -0.0000273776206441  0.0000156843011028  0.0000161030734505 -0.0000274908594348  0.0000669774942516



  0.0956433353110760 -0.0670998982623903 -0.0106882264750265  0.1670978188579033  0.3512093196362357  0.2905496572413981  0.2663168514715352  0.3136477974361581  0.0015047157751797 -0.3780029182254190  0.1436135624815878 -0.0948493141368058
 -0.0670998982623903  0.0471429184963732  0.0075019584783513 -0.1172853366053091 -0.2465127018373889 -0.2039361347841584 -0.1869269206540292 -0.2201486653011471 -0.0010561570302999  0.2653191721280220 -0.1008020598905973  0.0665745717355612
 -0.0106882264750265  0.0075019584783513  0.0012404042419896 -0.0186822229034483 -0.0392665990456429 -0.0324845444789957 -0.0297752903774924 -0.0350670036372115 -0.0001682327614203  0.0422621983136188 -0.0160565287336142  0.0106044961297778
  0.1670978188579033 -0.1172853366053091 -0.0186822229034483  0.2921195416577107  0.6138868229165839  0.5078583147904663  0.4655013415829338  0.5482320765612161  0.0026301265425894 -0.6607199213995341  0.2510253813427342 -0.1657892399469529
  0.3512093196362357 -0.2465127018373889 -0.0392665990456429  0.6138868229165839  1.2903241735620865  1.0674262363329214  0.9783993839670688  1.1522845738876615  0.0055280501474598 -1.3887135330971971  0.5276099259810070 -0.3484590033738901
  0.2905496572413981 -0.2039361347841584 -0.0324845444789957  0.5078583147904663  1.0674262363329214  0.8831096427474207  0.8094135644162660  0.9532661549361594  0.0045732657641192 -1.1488597890593015  0.4364830768386234 -0.2882744740534268
  0.2663168514715352 -0.1869269206540292 -0.0297752903774924  0.4655013415829338  0.9783993839670688  0.8094135644162660  0.7419512403723370  0.8737603897211287  0.0041918388105956 -1.0530409998117278  0.4000788187119680 -0.2642313152315816
  0.3136477974361581 -0.2201486653011471 -0.0350670036372115  0.5482320765612161  1.1522845738876615  0.9532661549361594  0.8737603897211287  1.0290943842362235  0.0049368316118573 -1.2401919374376110  0.4711826434595539 -0.3111917411927428
  0.0015047157751797 -0.0010561570302999 -0.0001682327614203  0.0026301265425894  0.0055280501474598  0.0045732657641192  0.0041918388105956  0.0049368316118573  0.0000690842320427 -0.0059497832575355  0.0022604846398547 -0.0014929331301980
 -0.3780029182254190  0.2653191721280220  0.0422621983136188 -0.6607199213995341 -1.3887135330971971 -1.1488597890593015 -1.0530409998117278 -1.2401919374376110 -0.0059497832575355  1.4947032882724012 -0.5678611053095906  0.3750428357917500
  0.1436135624815878 -0.1008020598905973 -0.0160565287336142  0.2510253813427342  0.5276099259810070  0.4364830768386234  0.4000788187119680  0.4711826434595539  0.0022604846398547 -0.5678611053095906  0.2157912879131289 -0.1424889928233032
 -0.0948493141368058  0.0665745717355612  0.0106044961297778 -0.1657892399469529 -0.3484590033738901 -0.2882744740534268 -0.2642313152315816 -0.3111917411927428 -0.0014929331301980  0.3750428357917500 -0.1424889928233032  0.0941520092491271



  0.0000453999297625  0.0000000000000000  0.0000000000000000  0.0000000000000000  0.0000000000000000  0.0000000000000000  0.0000000000000000  0.0000000000000000  0.0000000000000000  0.0000000000000000  0.0000000000000000  0.0000000000000000
  0.0000000000000000  0.0000453999297625  0.0000000000000000  0.0000000000000000  0.0000000000000000  0.0000000000000000  0.0000000000000000  0.0000000000000000  0.0000000000000000  0.0000000000000000  0.0000000000000000  0.0000000000000000
  0.0000000000000000  0.0000000000000000  0.0000453999297625  0.0000000000000000  0.0000000000000000  0.0000000000000000  0.0000000000000000  0.0000000000000000  0.0000000000000000  0.0000000000000000  0.0000000000000000  0.0000000000000000
  0.0000000000000000  0.0000000000000000  0.0000000000000000  0.0000453999297625  0.0000000000000000  0.0000000000000000  0.0000000000000000  0.0000000000000000  0.0000000000000000  0.0000000000000000  0.0000000000000000  0.0000000000000000
  0.0000000000000000  0.0000000000000000  0.0000000000000000  0.0000000000000000  0.0000453999297625  0.0000000000000000  0.0000000000000000  0.0000000000000000  0.0000000000000000  0.0000000000000000  0.0000000000000000  0.0000000000000000
  0.0000000000000000  0.0000000000000000  0.0000000000000000  0.0000000000000000  0.0000000000000000  0.0000453999297625  0.0000000000000000  0.0000000000000000  0.0000000000000000  0.0000000000000000  0.0000000000000000  0.0000000000000000
  0.0000000000000000  0.0000000000000000  0.0000000000000000  0.0000000000000000  0.0000000000000000  0.0000000000000000  0.0000453999297625  0.0000000000000000  0.0000000000000000  0.0000000000000000  0.0000000000000000  0.0000000000000000
  0.0000000000000000  0.0000000000000000  0.0000000000000000  0.0000000000000000  0.0000000000000000  0.0000000000000000  0.0000000000000000  0.0000453999297625  0.0000000000000000  0.0000000000000000  0.0000000000000000  0.0000000000000000
  0.0000000000000000  0.0000000000000000  0.0000000000000000  0.0000000000000000  0.0000000000000000  0.0000000000000000  0.0000000000000000  0.0000000000000000  0.0000453999297625  0.0000000000000000  0.0000000000000000  0.0000000000000000
  0.0000000000000000  0.0000000000000000  0.0000000000000000  0.0000000000000000  0.0000000000000000  0.0000000000000000  0.0000000000000000  0.0000000000000000  0.0000000000000000  0.0000453999297625  0.0000000000000000  0.0000000000000000
  0.0000000000000000  0.0000000000000000  0.0000000000000000  0.0000000000000000  0.0000000000000000  0.0000000000000000  0.0000000000000000  0.0000000000000000  0.0000000000000000  0.0000000000000000  0.0000453999297625  0.0000000000000000
  0.0000000000000000  0.0000000000000000  0.0000000000000000  0.0000000000000000  0.0000000000000000  0.0000000000000000  0.0000000000000000  0.0000000000000000  0.0000000000000000  0.0000000000000000  0.0000000000000000  0.0000453999297625



  0.0000453999297625  0.0000000000000000  0.0000000000000000  0.0000000000000000  0.0000000000000000  0.0000000000000000  0.0000000000000000  0.0000000000000000  0.0000000000000000  0.0000000000000000  0.0000000000000000  0.0000000000000000
  0.0000000000000000  0.0000453999297625  0.0000000000000000  0.0000000000000000  0.0000000000000000  0.0000000000000000  0.0000000000000000  0.0000000000000000  0.0000000000000000  0.0000000000000000  0.0000000000000000  0.0000000000000000
  0.0000000000000000  0.0000000000000000  0.0000453999297625  0.0000000000000000  0.0000000000000000  0.0000000000000000  0.0000000000000000  0.0000000000000000  0.0000000000000000  0.0000000000000000  0.0000000000000000  0.0000000000000000
  0.0000000000000000  0.0000000000000000  0.0000000000000000  0.0000453999297625  0.0000000000000000  0.0000000000000000  0.0000000000000000  0.0000000000000000  0.0000000000000000  0.0000000000000000  0.0000000000000000  0.0000000000000000
  0.0000000000000000  0.0000000000000000  0.0000000000000000  0.0000000000000000  0.0000453999297625  0.0000000000000000  0.0000000000000000  0.0000000000000000  0.0000000000000000  0.0000000000000000  0.0000000000000000  0.0000000000000000
  0.0000000000000000  0.0000000000000000  0.0000000000000000  0.0000000000000000  0.0000000000000000  0.0000453999297625  0.0000000000000000  0.0000000000000000  0.0000000000000000  0.0000000000000000  0.0000000000000000  0.0000000000000000
  0.0000000000000000  0.0000000000000000  0.0000000000000000  0.0000000000000000  0.0000000000000000  0.0000000000000000  0.0000453999297625  0.0000000000000000  0.0000000000000000  0.0000000000000000  0.0000000000000000  0.0000000000000000
  0.0000000000000000  0.0000000000000000  0.0000000000000000  0.0000000000000000  0.0000000000000000  0.0000000000000000  0.0000000000000000  0.0000453999297625  0.0000000000000000  0.0000000000000000  0.0000000000000000  0.0000000000000000
