
  0.0000453999297625  0.0000000000000000  0.0000000000000000  0.0000000000000000  0.0000000000000000  0.0000000000000000  0.0000000000000000  0.0000000000000000  0.0000000000000000  0.0000000000000000  0.0000000000000000  0.0000000000000000
  0.0000000000000000  0.0000453999297625  0.0000000000000000  0.0000000000000000  0.0000000000000000  0.0000000000000000  0.0000000000000000  0.0000000000000000  0.0000000000000000  0.0000000000000000  0.0000000000000000  0.0000000000000000
  0.0000000000000000  0.0000000000000000  0.0000453999297625  0.0000000000000000  0.0000000000000000  0.0000000000000000  0.0000000000000000  0.0000000000000000  0.0000000000000000  0.0000000000000000  0.0000000000000000  0.0000000000000000
  0.0000000000000000  0.0000000000000000  0.0000000000000000  0.0000453999297625  0.0000000000000000  0.0000000000000000  0.0000000000000000  0.0000000000000000  0.0000000000000000  0.0000000000000000  0.0000000000000000  0.0000000000000000
  0.0000000000000000  0.0000000000000000  0.0000000000000000  0.0000000000000000  0.0000453999297625  0.0000000000000000  0.0000000000000000  0.0000000000000000  0.0000000000000000  0.0000000000000000  0.0000000000000000  0.0000000000000000
  0.0000000000000000  0.0000000000000000  0.0000000000000000  0.0000000000000000  0.0000000000000000  0.0000453999297625  0.0000000000000000  0.0000000000000000  0.0000000000000000  0.0000000000000000  0.0000000000000000  0.0000000000000000
  0.0000000000000000  0.0000000000000000  0.0000000000000000  0.0000000000000000  0.0000000000000000  0.0000000000000000  0.0000453999297625  0.0000000000000000  0.0000000000000000  0.0000000000000000  0.0000000000000000  0.0000000000000000
  0.0000000000000000  0.0000000000000000  0.0000000000000000  0.0000000000000000  0.0000000000000000  0.0000000000000000  0.0000000000000000  0.0000453999297625  0.0000000000000000  0.0000000000000000  0.0000000000000000  0.0000000000000000
  0.0000000000000000  0.0000000000000000  0.0000000000000000  0.0000000000000000  0.0000000000000000  0.0000000000000000  0.0000000000000000  0.0000000000000000  0.0000453999297625  0.0000000000000000  0.0000000000000000  0.0000000000000000
  0.0000000000000000  0.0000000000000000  0.0000000000000000  0.0000000000000000  0.0000000000000000  0.0000000000000000  0.0000000000000000  0.0000000000000000  0.0000000000000000  0.0000453999297625  0.0000000000000000  0.0000000000000000
  0.0000000000000000  0.0000000000000000  0.0000000000000000  0.0000000000000000  0.0000000000000000  0.0000000000000000  0.0000000000000000  0.0000000000000000  0.0000000000000000  0.0000000000000000  0.0000453999297625  0.0000000000000000
  0.0000000000000000  0.0000000000000000  0.0000000000000000  0.0000000000000000  0.0000000000000000  0.0000000000000000  0.0000000000000000  0.0000000000000000  0.0000000000000000  0.0000000000000000  0.0000000000000000  0.0000453999297625



  0.0000566801826563  0.0000090525970077 -0.0000053068479577 -0.0000075811252574  0.0000027092079948 -0.0000101868872367  0.0000127381318195  0.0000035362670352  0.0000004693087027  0.0000105211699851 -0.0000052284846663  0.0000208085881625
  0.0000090525970077  0.0000526647945980 -0.0000042588367827 -0.0000060839834414  0.0000021741860238 -0.0000081751522581  0.0000102225699263  0.0000028379151321  0.0000003766283077  0.0000084434199146 -0.0000041959488932  0.0000166992499821
 -0.0000053068479577 -0.0000042588367827  0.0000478965613107  0.0000035665759862 -0.0000012745596264  0.0000047924689488 -0.0000059927139460 -0.0000016636534367 -0.0000002207884836 -0.0000049497338379  0.0000024597651697 -0.0000097894980399
 -0.0000075811252574 -0.0000060839834414  0.0000035665759862  0.0000504949804417 -0.0000018207787849  0.0000068463064483 -0.0000085609226831 -0.0000023766207717 -0.0000003154085368 -0.0000070709680238  0.0000035139103294 -0.0000139848383520
  0.0000027092079948  0.0000021741860238 -0.0000012745596264 -0.0000018207787849  0.0000460506073695 -0.0000024466114903  0.0000030593506093  0.0000008493145512  0.0000001127151050  0.0000025268970569 -0.0000012557389087  0.0000049976533275
 -0.0000101868872367 -0.0000081751522581  0.0000047924689488  0.0000068463064483 -0.0000024466114903  0.0000545994284395 -0.0000115034577392 -0.0000031935058430 -0.0000004238198274 -0.0000095013802657  0.0000047217012079 -0.0000187916656800
  0.0000127381318195  0.0000102225699263 -0.0000059927139460 -0.0000085609226831  0.0000030593506093 -0.0000115034577392  0.0000597843592410  0.0000039933001562  0.0000005299629517  0.0000118809437543 -0.0000059042228505  0.0000234979252227
  0.0000035362670352  0.0000028379151321 -0.0000016636534367 -0.0000023766207717  0.0000008493145512 -0.0000031935058430  0.0000039933001562  0.0000465085205593  0.0000001471244404  0.0000032983007509 -0.0000016390871857  0.0000065233222216
  0.0000004693087027  0.0000003766283077 -0.0000002207884836 -0.0000003154085368  0.0000001127151050 -0.0000004238198274  0.0000005299629517  0.0000001471244404  0.0000454194550923  0.0000004377274768 -0.0000002175282220  0.0000008657298385
  0.0000105211699851  0.0000084434199146 -0.0000049497338379 -0.0000070709680238  0.0000025268970569 -0.0000095013802657  0.0000118809437543  0.0000032983007509  0.0000004377274768  0.0000552130978624 -0.0000048766438533  0.0000194083142700
 -0.0000052284846663 -0.0000041959488932  0.0000024597651697  0.0000035139103294 -0.0000012557389087  0.0000047217012079 -0.0000059042228505 -0.0000016390871857 -0.0000002175282220 -0.0000048766438533  0.0000478233729390 -0.0000096449419315
  0.0000208085881625  0.0000166992499821 -0.0000097894980399 -0.0000139848383520  0.0000049976533275 -0.0000187916656800  0.0000234979252227  0.0000065233222216  0.0000008657298385  0.0000194083142700 -0.0000096449419315  0.0000837853582978



  0.0699527071425392 -0.2003184498141135  0.5107425417020285  0.1497242093955618 -0.0804858523352173  0.1440343321126859  0.1315741984258686  0.0785013698919373 -0.2846918633380678  0.0342211224081142 -0.3798243417354046 -0.0339960639656853
 -0.2003184498141135  0.5740552626531683 -1.4635259945957844 -0.4290327381706365  0.2306311453761934 -0.4127284524690226 -0.3770241354988020 -0.2249446056630154  0.8157807677060532 -0.0980601708135686  1.0883816202603849  0.0974152767833560
  0.5107425417020285 -1.4635259945957844  3.7315289126647410  1.0938846276975487 -0.5880294029215838  1.0523143503794263  0.9612807396814570  0.5735306896258825 -2.0799579209638350  0.2500194125649629 -2.7749955138149150 -0.2483751590551694
  0.1497242093955618 -0.4290327381706365  1.0938846276975487  0.3207177478886326 -0.1723808566055794  0.3084860198039804  0.2817995088251559  0.1681305601550860 -0.6097397959992061  0.0732932067889982 -0.8134901106792609 -0.0728111931960033
 -0.0804858523352173  0.2306311453761934 -0.5880294029215838 -0.1723808566055794  0.0927105765425970 -0.1658299643559321 -0.1514843461417831 -0.0903803824792221  0.3277721609196069 -0.0393995485252996  0.4373003255245832  0.0391404373909610
  0.1440343321126859 -0.4127284524690226  1.0523143503794263  0.3084860198039804 -0.1658299643559321  0.2968082105175471  0.2710904363465066  0.1617412052747189 -0.5865681999118562  0.0705078879049460 -0.7825755096037468 -0.0700441880228859
  0.1315741984258686 -0.3770241354988020  0.9612807396814570  0.2817995088251559 -0.1514843461417831  0.2710904363465066  0.2476843537457382  0.1477492712401179 -0.5358253581139899  0.0644083893203295 -0.7148764628051729 -0.0639848097991525
  0.0785013698919373 -0.2249446056630154  0.5735306896258825  0.1681305601550860 -0.0903803824792221  0.1617412052747189  0.1477492712401179  0.0881973511790669 -0.3196904648413655  0.0384280981221309 -0.4265180593303766 -0.0381753686778242
 -0.2846918633380678  0.8157807677060532 -2.0799579209638350 -0.6097397959992061  0.3277721609196069 -0.5865681999118562 -0.5358253581139899 -0.3196904648413655  1.1594301160240312 -0.1393627643297120  1.5468040739242346  0.1384462447824223
  0.0342211224081142 -0.0980601708135686  0.2500194125649629  0.0732932067889982 -0.0393995485252996  0.0705078879049460  0.0644083893203295  0.0384280981221309 -0.1393627643297120  0.0167973719420618 -0.1859321492833557 -0.0166418020302128
 -0.3798243417354046  1.0883816202603849 -2.7749955138149150 -0.8134901106792609  0.4373003255245832 -0.7825755096037468 -0.7148764628051729 -0.4265180593303766  1.5468040739242346 -0.1859321492833557  2.0637286716915060  0.1847093648090499
 -0.0339960639656853  0.0974152767833560 -0.2483751590551694 -0.0728111931960033  0.0391404373909610 -0.0700441880228859 -0.0639848097991525 -0.0381753686778242  0.1384462447824223 -0.0166418020302128  0.1847093648090499  0.0165777582921867



  0.0000453999297625  0.0000000000000000  0.0000000000000000  0.0000000000000000  0.0000000000000000  0.0000000000000000  0.0000000000000000  0.0000000000000000  0.0000000000000000  0.0000000000000000  0.0000000000000000  0.0000000000000000
  0.0000000000000000  0.0000453999297625  0.0000000000000000  0.0000000000000000  0.0000000000000000  0.0000000000000000  0.0000000000000000  0.0000000000000000  0.0000000000000000  0.0000000000000000  0.0000000000000000  0.0000000000000000
  0.0000000000000000  0.0000000000000000  0.0000453999297625  0.0000000000000000  0.0000000000000000  0.0000000000000000  0.0000000000000000  0.0000000000000000  0.0000000000000000  0.0000000000000000  0.0000000000000000  0.0000000000000000
  0.0000000000000000  0.0000000000000000  0.0000000000000000  0.0000453999297625  0.0000000000000000  0.0000000000000000  0.0000000000000000  0.0000000000000000  0.0000000000000000  0.0000000000000000  0.0000000000000000  0.0000000000000000
  0.0000000000000000  0.0000000000000000  0.0000000000000000  0.0000000000000000  0.0000453999297625  0.0000000000000000  0.0000000000000000  0.0000000000000000  0.0000000000000000  0.0000000000000000  0.0000000000000000  0.0000000000000000
  0.0000000000000000  0.0000000000000000  0.0000000000000000  0.0000000000000000  0.0000000000000000  0.0000453999297625  0.0000000000000000  0.0000000000000000  0.0000000000000000  0.0000000000000000  0.0000000000000000  0.0000000000000000
  0.0000000000000000  0.0000000000000000  0.0000000000000000  0.0000000000000000  0.0000000000000000  0.0000000000000000  0.0000453999297625  0.0000000000000000  0.0000000000000000  0.0000000000000000  0.0000000000000000  0.0000000000000000
  0.0000000000000000  0.0000000000000000  0.0000000000000000  0.0000000000000000  0.0000000000000000  0.0000000000000000  0.0000000000000000  0.0000453999297625  0.0000000000000000  0.0000000000000000  0.0000000000000000  0.0000000000000000
  0.0000000000000000  0.0000000000000000  0.0000000000000000  0.0000000000000000  0.0000000000000000  0.0000000000000000  0.0000000000000000  0.0000000000000000  0.0000453999297625  0.0000000000000000  0.0000000000000000  0.0000000000000000
  0.0000000000000000  0.0000000000000000  0.0000000000000000  0.0000000000000000  0.0000000000000000  0.0000000000000000  0.0000000000000000  0.0000000000000000  0.0000000000000000  0.0000453999297625  0.0000000000000000  0.0000000000000000
  0.0000000000000000  0.0000000000000000  0.0000000000000000  0.0000000000000000  0.0000000000000000  0.0000000000000000  0.0000000000000000  0.0000000000000000  0.0000000000000000  0.0000000000000000  0.0000453999297625  0.0000000000000000
  0.0000000000000000  0.0000000000000000  0.0000000000000000  0.0000000000000000  0.0000000000000000  0.0000000000000000  0.0000000000000000  0.0000000000000000  0.0000000000000000  0.0000000000000000  0.0000000000000000  0.0000453999297625



  0.0000455472935547  0.0000022696225546  0.0000012699426862 -0.0000001561532232  0.0000000396291647  0.0000001915516263  0.0000013709971656 -0.0000006754080444 -0.0000013827614126  0.0000001395189354  0.0000008179398696  0.0000010888894024
  0.0000022696225546  0.0000803555078172  0.0000195590146049 -0.0000024049929234  0.0000006103483404  0.0000029501812138  0.0000211154045587 -0.0000104022929127 -0.0000212965915370  0.0000021488000395  0.0000125974959563  0.0000167705235490
  0.0000012699426862  0.0000195590146049  0.0000563439642658 -0.0000013456877080  0.0000003415137946  0.0000016507419033  0.0000118148956228 -0.0000058204901857 -0.0000119162768315  0.0000012023377582  0.0000070487922416  0.0000093837645743
 -0.0000001561532232 -0.0000024049929234 -0.0000013456877080  0.0000455653966574 -0.0000000419928241 -0.0000002029766159 -0.0000014527695253  0.0000007156923797  0.0000014652354442 -0.0000001478404643 -0.0000008667254359 -0.0000011538356023
  0.0000000396291647  0.0000006103483404  0.0000003415137946 -0.0000000419928241  0.0000454105868627  0.0000000515121851  0.0000003686894295 -0.0000001816311607 -0.0000003718530782  0.0000000375195208  0.0000002199609098  0.0000002928248304
  0.0000001915516263  0.0000029501812138  0.0000016507419033 -0.0000002029766159  0.0000000515121851  0.0000456489191850  0.0000017820981176 -0.0000008779328176 -0.0000017973899380  0.0000001813544465  0.0000010632035852  0.0000014153988082
  0.0000013709971656  0.0000211154045587  0.0000118148956228 -0.0000014527695253  0.0000003686894295  0.0000017820981176  0.0000581549844488 -0.0000062836501472 -0.0000128645032081  0.0000012980126399  0.0000076096931691  0.0000101304687007
 -0.0000006754080444 -0.0000104022929127 -0.0000058204901857  0.0000007156923797 -0.0000001816311607 -0.0000008779328176 -0.0000062836501472  0.0000484955071742  0.0000063375688670 -0.0000006394529476 -0.0000037488392467 -0.0000049906741059
 -0.0000013827614126 -0.0000212965915370 -0.0000119162768315  0.0000014652354442 -0.0000003718530782 -0.0000017973899380 -0.0000128645032081  0.0000063375688670  0.0000583748206478 -0.0000013091506215 -0.0000076749903935 -0.0000102173961856
  0.0000001395189354  0.0000021488000395  0.0000012023377582 -0.0000001478404643  0.0000000375195208  0.0000001813544465  0.0000012980126399 -0.0000006394529476 -0.0000013091506215  0.0000455320214591  0.0000007743971439  0.0000010309227789
  0.0000008179398696  0.0000125974959563  0.0000070487922416 -0.0000008667254359  0.0000002199609098  0.0000010632035852  0.0000076096931691 -0.0000037488392467 -0.0000076749903935  0.0000007743971439  0.0000499398891395  0.0000060438595025
  0.0000010888894024  0.0000167705235490  0.0000093837645743 -0.0000011538356023  0.0000002928248304  0.0000014153988082  0.0000101304687007 -0.0000049906741059 -0.0000102173961856  0.0000010309227789  0.0000060438595025  0.0000534458690877



  0.0000456284244889  0.0000002251180967 -0.0000006452992157 -0.0000007947728180  0.0000008710964342 -0.0000003405999214 -0.0000000944787060  0.0000015520823915  0.0000007091637134  0.0000005104654219  0.0000014456931601  0.0000004415234249
  0.0000002251180967  0.0000456217211283 -0.0000006357631685 -0.0000007830278926  0.0000008582236202 -0.0000003355666332 -0.0000000930825267  0.0000015291461617  0.0000006986838949  0.0000005029219098  0.0000014243291200  0.0000004349987180
 -0.0000006452992157 -0.0000006357631685  0.0000472223397779  0.0000022445431642 -0.0000024600911134  0.0000009618990585  0.0000002668203152 -0.0000043832851894 -0.0000020027717723 -0.0000014416216147 -0.0000040828279812 -0.0000012469203309
 -0.0000007947728180 -0.0000007830278926  0.0000022445431642  0.0000481643867031 -0.0000030299332449  0.0000011847081272  0.0000003286251225 -0.0000053986055416 -0.0000024666829378 -0.0000017755510084 -0.0000050285520591 -0.0000015357501777
  0.0000008710964342  0.0000008582236202 -0.0000024600911134 -0.0000030299332449  0.0000487208335299 -0.0000012984780076 -0.0000003601836473  0.0000059170443809  0.0000027035634118  0.0000019460607070  0.0000055114539258  0.0000016832313251
 -0.0000003405999214 -0.0000003355666332  0.0000009618990585  0.0000011847081272 -0.0000012984780076  0.0000459076364756  0.0000001408323088 -0.0000023135726106 -0.0000010570970670 -0.0000007609124523 -0.0000021549861766 -0.0000006581457972
 -0.0000000944787060 -0.0000000930825267  0.0000002668203152  0.0000003286251225 -0.0000003601836473  0.0000001408323088  0.0000454389951100 -0.0000006417598267 -0.0000002932272052 -0.0000002110688211 -0.0000005977696784 -0.0000001825624711
  0.0000015520823915  0.0000015291461617 -0.0000043832851894 -0.0000053986055416  0.0000059170443809 -0.0000023135726106 -0.0000006417598267  0.0000559426665168  0.0000048170937235  0.0000034674077835  0.0000098200730182  0.0000029991096254
  0.0000007091637134  0.0000006986838949 -0.0000020027717723 -0.0000024666829378  0.0000027035634118 -0.0000010570970670 -0.0000002932272052  0.0000048170937235  0.0000476009134806  0.0000015842971953  0.0000044869006220  0.0000013703265565
  0.0000005104654219  0.0000005029219098 -0.0000014416216147 -0.0000017755510084  0.0000019460607070 -0.0000007609124523 -0.0000002110688211  0.0000034674077835  0.0000015842971953  0.0000465403278410  0.0000032297304212  0.0000009863791823
  0.0000014456931601  0.0000014243291200 -0.0000040828279812 -0.0000050285520591  0.0000055114539258 -0.0000021549861766 -0.0000005977696784  0.0000098200730182  0.0000044869006220  0.0000032297304212  0.0000545468748424  0.0000027935322865
  0.0000004415234249  0.0000004349987180 -0.0000012469203309 -0.0000015357501777  0.0000016832313251 -0.0000006581457972 -0.0000001825624711  0.0000029991096254  0.0000013703265565  0.0000009863791823  0.0000027935322865  0.0000462530913992



  0.0000453999297625  0.0000000000000000  0.0000000000000000  0.0000000000000000  0.0000000000000000  0.0000000000000000  0.0000000000000000  0.0000000000000000  0.0000000000000000  0.0000000000000000  0.0000000000000000  0.0000000000000000
  0.0000000000000000  0.0000453999297625  0.0000000000000000  0.0000000000000000  0.0000000000000000  0.0000000000000000  0.0000000000000000  0.0000000000000000  0.0000000000000000  0.0000000000000000  0.0000000000000000  0.0000000000000000
  0.0000000000000000  0.0000000000000000  0.0000453999297625  0.0000000000000000  0.0000000000000000  0.0000000000000000  0.0000000000000000  0.0000000000000000  0.0000000000000000  0.0000000000000000  0.0000000000000000  0.0000000000000000
  0.0000000000000000  0.0000000000000000  0.0000000000000000  0.0000453999297625  0.0000000000000000  0.0000000000000000  0.0000000000000000  0.0000000000000000  0.0000000000000000  0.0000000000000000  0.0000000000000000  0.0000000000000000
  0.0000000000000000  0.0000000000000000  0.0000000000000000  0.0000000000000000  0.0000453999297625  0.0000000000000000  0.0000000000000000  0.0000000000000000  0.0000000000000000  0.0000000000000000  0.0000000000000000  0.0000000000000000
  0.0000000000000000  0.0000000000000000  0.0000000000000000  0.0000000000000000  0.0000000000000000  0.0000453999297625  0.0000000000000000  0.0000000000000000  0.0000000000000000  0.0000000000000000  0.0000000000000000  0.0000000000000000
  0.0000000000000000  0.0000000000000000  0.0000000000000000  0.0000000000000000  0.0000000000000000  0.0000000000000000  0.0000453999297625  0.0000000000000000  0.0000000000000000  0.0000000000000000  0.0000000000000000  0.0000000000000000
  0.0000000000000000  0.0000000000000000  0.0000000000000000  0.0000000000000000  0.0000000000000000  0.0000000000000000  0.0000000000000000  0.0000453999297625  0.0000000000000000  0.0000000000000000  0.0000000000000000  0.0000000000000000
  0.0000000000000000  0.0000000000000000  0.0000000000000000  0.0000000000000000  0.0000000000000000  0.0000000000000000  0.0000000000000000  0.0000000000000000  0.0000453999297625  0.0000000000000000  0.0000000000000000  0.0000000000000000
  0.0000000000000000  0.0000000000000000  0.0000000000000000  0.0000000000000000  0.0000000000000000  0.0000000000000000  0.0000000000000000  0.0000000000000000  0.0000000000000000  0.0000453999297625  0.0000000000000000  0.0000000000000000
  0.0000000000000000  0.0000000000000000  0.0000000000000000  0.0000000000000000  0.0000000000000000  0.0000000000000000  0.0000000000000000  0.0000000000000000  0.0000000000000000  0.0000000000000000  0.0000453999297625  0.0000000000000000
  0.0000000000000000  0.0000000000000000  0.0000000000000000  0.0000000000000000  0.0000000000000000  0.0000000000000000  0.0000000000000000  0.0000000000000000  0.0000000000000000  0.0000000000000000  0.0000000000000000  0.0000453999297625



  0.3570895584471103  0.2791960711715204  0.2507839800337681 -0.2523054926625508  0.4030989549028449  0.7972581179936975  0.3135269210477521 -0.1106113278226864 -0.0527812260694841 -0.0669175361676217 -0.2478356700875322 -0.2901976896044130
  0.2791960711715204  0.3725744370737819  0.1630505645523537 -0.2728547525971168  0.3588782843561109  0.9078099125008532  0.5226171720586044  0.1482436091557541 -0.1368628661839314 -0.1380191272342194 -0.5720891708525813 -0.3443761569582114
  0.2507839800337681  0.1630505645523537  0.1832783137944606 -0.1610205385463205  0.2737721037530336  0.4990294055156764  0.1607476206809106 -0.1280073252014934 -0.0165836740666364 -0.0286344291141665 -0.0929920815258252 -0.1786564347653686
 -0.2523054926625508 -0.2728547525971168 -0.1610205385463205  0.2153614845621115 -0.3062476603139168 -0.7027282815056922 -0.3575027578980651 -0.0368564509582228  0.0841362720934245  0.0892758268588695  0.3604930742705777  0.2626189661104250
  0.4030989549028449  0.3588782843561109  0.2737721037530336 -0.3062476603139168  0.4675060383265459  0.9806278977190198  0.4325376826875181 -0.0584051627664124 -0.0866588560783498 -0.0998156930508975 -0.3869292530761320 -0.3608903748348389
  0.7972581179936975  0.9078099125008532  0.4990294055156764 -0.7027282815056922  0.9806278977190198  2.3047180492053330  1.2117466608110181  0.1859036138000520 -0.2941393436453829 -0.3074517577283903 -1.2510267641951414 -0.8645926752945774
  0.3135269210477521  0.5226171720586044  0.1607476206809106 -0.3575027578980651  0.4325376826875181  1.2117466608110181  0.7745472215535818  0.3252104767100157 -0.2183333038941992 -0.2129384583844219 -0.8982489596208564 -0.4661469223148783
 -0.1106113278226864  0.1482436091557541 -0.1280073252014934 -0.0368564509582228 -0.0584051627664124  0.1859036138000520  0.3252104767100157  0.3916352884455325 -0.1291572914788602 -0.1097112013040283 -0.4990626083274393 -0.0888849485365548
 -0.0527812260694841 -0.1368628661839314 -0.0165836740666364  0.0841362720934245 -0.0866588560783498 -0.2941393436453829 -0.2183333038941992 -0.1291572914788602  0.0671019542735388  0.0630108487122133  0.2711309282589499  0.1157051328154330
 -0.0669175361676217 -0.1380191272342194 -0.0286344291141665  0.0892758268588695 -0.0998156930508975 -0.3074517577283903 -0.2129384583844219 -0.1097112013040283  0.0630108487122133  0.0602055315493696  0.2566627395552905  0.1196561535031597
 -0.2478356700875322 -0.5720891708525813 -0.0929920815258252  0.3604930742705777 -0.3869292530761320 -1.2510267641951414 -0.8982489596208564 -0.4990626083274393  0.2711309282589499  0.2566627395552905  1.1000698626186889  0.4895592248737335
 -0.2901976896044130 -0.3443761569582114 -0.1786564347653686  0.2626189661104250 -0.3608903748348389 -0.8645926752945774 -0.4661469223148783 -0.0888849485365548  0.1157051328154330  0.1196561535031597  0.4895592248737335  0.3253685049199292



  0.0000453999297625  0.0000000000000000  0.0000000000000000  0.0000000000000000  0.0000000000000000  0.0000000000000000  0.0000000000000000  0.0000000000000000  0.0000000000000000  0.0000000000000000  0.0000000000000000  0.0000000000000000
  0.0000000000000000  0.0000453999297625  0.0000000000000000  0.0000000000000000  0.0000000000000000  0.0000000000000000  0.0000000000000000  0.0000000000000000  0.0000000000000000  0.0000000000000000  0.0000000000000000  0.0000000000000000
  0.0000000000000000  0.0000000000000000  0.0000453999297625  0.0000000000000000  0.0000000000000000  0.0000000000000000  0.0000000000000000  0.0000000000000000  0.0000000000000000  0.0000000000000000  0.0000000000000000  0.0000000000000000
  0.0000000000000000  0.0000000000000000  0.0000000000000000  0.0000453999297625  0.0000000000000000  0.0000000000000000  0.0000000000000000  0.0000000000000000  0.0000000000000000  0.0000000000000000  0.0000000000000000  0.0000000000000000
  0.0000000000000000  0.0000000000000000  0.0000000000000000  0.0000000000000000  0.0000453999297625  0.0000000000000000  0.0000000000000000  0.0000000000000000  0.0000000000000000  0.0000000000000000  0.0000000000000000  0.0000000000000000
  0.0000000000000000  0.0000000000000000  0.0000000000000000  0.0000000000000000  0.0000000000000000  0.0000453999297625  0.0000000000000000  0.0000000000000000  0.0000000000000000  0.0000000000000000  0.0000000000000000  0.0000000000000000
  0.0000000000000000  0.0000000000000000  0.0000000000000000  0.0000000000000000  0.0000000000000000  0.0000000000000000  0.0000453999297625  0.0000000000000000  0.0000000000000000  0.0000000000000000  0.0000000000000000  0.0000000000000000
  0.0000000000000000  0.0000000000000000  0.0000000000000000  0.0000000000000000  0.0000000000000000  0.0000000000000000  0.0000000000000000  0.0000453999297625  0.0000000000000000  0.0000000000000000  0.0000000000000000  0.0000000000000000
  0.0000000000000000  0.0000000000000000  0.0000000000000000  0.0000000000000000  0.0000000000000000  0.0000000000000000  0.0000000000000000  0.0000000000000000  0.0000453999297625  0.0000000000000000  0.0000000000000000  0.0000000000000000
  0.0000000000000000  0.0000000000000000  0.0000000000000000  0.0000000000000000  0.0000000000000000  0.0000000000000000  0.0000000000000000  0.0000000000000000  0.0000000000000000  0.0000453999297625  0.0000000000000000  0.0000000000000000
  0.0000000000000000  0.0000000000000000  0.0000000000000000  0.0000000000000000  0.0000000000000000  0.0000000000000000  0.0000000000000000  0.0000000000000000  0.0000000000000000  0.0000000000000000  0.0000453999297625  0.0000000000000000
  0.0000000000000000  0.0000000000000000  0.0000000000000000  0.0000000000000000  0.0000000000000000  0.0000000000000000  0.0000000000000000  0.0000000000000000  0.0000000000000000  0.0000000000000000  0.0000000000000000  0.0000453999297625



  0.0000544177786110  0.0000044693990390 -0.0000161927629499 -0.0000107280583882  0.0000107654766739 -0.0000023476979809  0.0000050414527441 -0.0000023385310530  0.0000045952760768  0.0000082101570724  0.0000149349655216  0.0000104952958409
  0.0000044693990390  0.0000476150398298 -0.0000080254083188 -0.0000053170079312  0.0000053355530691 -0.0000011635589902  0.0000024986295987 -0.0000011590157050  0.0000022774968650  0.0000040690932777  0.0000074020225523  0.0000052016468598
 -0.0000161927629499 -0.0000080254083188  0.0000744762179501  0.0000192636746646 -0.0000193308642394  0.0000042156081258 -0.0000090526078425  0.0000041991476712 -0.0000082514375047 -0.0000147424435126 -0.0000268177433908 -0.0000188457181414
 -0.0000107280583882 -0.0000053170079312  0.0000192636746646  0.0000581625340945 -0.0000128071188898  0.0000027929322658 -0.0000059975500043  0.0000027820268559 -0.0000054667571934 -0.0000097671901501 -0.0000177673395099 -0.0000124856990257
  0.0000107654766739  0.0000053355530691 -0.0000193308642394 -0.0000128071188898  0.0000582517184720 -0.0000028026737058  0.0000060184687979 -0.0000027917302590  0.0000054858246401  0.0000098012570333  0.0000178293100326  0.0000125292477683
 -0.0000023476979809 -0.0000011635589902  0.0000042156081258  0.0000027929322658 -0.0000028026737058  0.0000460111271669 -0.0000013124868943  0.0000006088108953 -0.0000011963296955 -0.0000021374242910 -0.0000038881543691 -0.0000027323350911
  0.0000050414527441  0.0000024986295987 -0.0000090526078425 -0.0000059975500043  0.0000060184687979 -0.0000013124868943  0.0000482183675294 -0.0000013073620985  0.0000025690014965  0.0000045899104762  0.0000083494327946  0.0000058674234739
 -0.0000023385310530 -0.0000011590157050  0.0000041991476712  0.0000027820268559 -0.0000027917302590  0.0000006088108953 -0.0000013073620985  0.0000460063634672 -0.0000011916584524 -0.0000021290784073 -0.0000038729725053 -0.0000027216662916
  0.0000045952760768  0.0000022774968650 -0.0000082514375047 -0.0000054667571934  0.0000054858246401 -0.0000011963296955  0.0000025690014965 -0.0000011916584524  0.0000477415704993  0.0000041836960250  0.0000076104945782  0.0000053481470699
  0.0000082101570724  0.0000040690932777 -0.0000147424435126 -0.0000097671901501  0.0000098012570333 -0.0000021374242910  0.0000045899104762 -0.0000021290784073  0.0000041836960250  0.0000528747367021  0.0000135973018469  0.0000095552751906
  0.0000149349655216  0.0000074020225523 -0.0000268177433908 -0.0000177673395099  0.0000178293100326 -0.0000038881543691  0.0000083494327946 -0.0000038729725053  0.0000076104945782  0.0000135973018469  0.0000701345642500  0.0000173818483938
  0.0000104952958409  0.0000052016468598 -0.0000188457181414 -0.0000124856990257  0.0000125292477683 -0.0000027323350911  0.0000058674234739 -0.0000027216662916  0.0000053481470699  0.0000095552751906  0.0000173818483938  0.0000576147313896



  0.0000453999297625  0.0000000000000000  0.0000000000000000  0.0000000000000000  0.0000000000000000  0.0000000000000000  0.0000000000000000  0.0000000000000000  0.0000000000000000  0.0000000000000000  0.0000000000000000  0.0000000000000000
  0.0000000000000000  0.0000453999297625  0.0000000000000000  0.0000000000000000  0.0000000000000000  0.0000000000000000  0.0000000000000000  0.0000000000000000  0.0000000000000000  0.0000000000000000  0.0000000000000000  0.0000000000000000
  0.0000000000000000  0.0000000000000000  0.0000453999297625  0.0000000000000000  0.0000000000000000  0.0000000000000000  0.0000000000000000  0.0000000000000000  0.0000000000000000  0.0000000000000000  0.0000000000000000  0.0000000000000000
  0.0000000000000000  0.0000000000000000  0.0000000000000000  0.0000453999297625  0.0000000000000000  0.0000000000000000  0.0000000000000000  0.0000000000000000  0.0000000000000000  0.0000000000000000  0.0000000000000000  0.0000000000000000
  0.0000000000000000  0.0000000000000000  0.0000000000000000  0.0000000000000000  0.0000453999297625  0.0000000000000000  0.0000000000000000  0.0000000000000000  0.0000000000000000  0.0000000000000000  0.0000000000000000  0.0000000000000000
  0.0000000000000000  0.0000000000000000  0.0000000000000000  0.0000000000000000  0.0000000000000000  0.0000453999297625  0.0000000000000000  0.0000000000000000  0.0000000000000000  0.0000000000000000  0.0000000000000000  0.0000000000000000
  0.0000000000000000  0.0000000000000000  0.0000000000000000  0.0000000000000000  0.0000000000000000  0.0000000000000000  0.0000453999297625  0.0000000000000000  0.0000000000000000  0.0000000000000000  0.0000000000000000  0.0000000000000000
  0.0000000000000000  0.0000000000000000  0.0000000000000000  0.0000000000000000  0.0000000000000000  0.0000000000000000  0.0000000000000000  0.0000453999297625  0.0000000000000000  0.0000000000000000  0.0000000000000000  0.0000000000000000
  0.0000000000000000  0.0000000000000000  0.0000000000000000  0.0000000000000000  0.0000000000000000  0.0000000000000000  0.0000000000000000  0.0000000000000000  0.0000453999297625  0.0000000000000000  0.0000000000000000  0.0000000000000000
  0.0000000000000000  0.0000000000000000  0.0000000000000000  0.0000000000000000  0.0000000000000000  0.0000000000000000  0.0000000000000000  0.0000000000000000  0.0000000000000000  0.0000453999297625  0.0000000000000000  0.0000000000000000
  0.0000000000000000  0.0000000000000000  0.0000000000000000  0.0000000000000000  0.0000000000000000  0.0000000000000000  0.0000000000000000  0.0000000000000000  0.0000000000000000  0.0000000000000000  0.0000453999297625  0.0000000000000000
  0.0000000000000000  0.0000000000000000  0.0000000000000000  0.0000000000000000  0.0000000000000000  0.0000000000000000  0.0000000000000000  0.0000000000000000  0.0000000000000000  0.0000000000000000  0.0000000000000000  0.0000453999297625



  0.0000455861780891 -0.0000004957378290  0.0000007027243822 -0.0000013936821216 -0.0000022676227986 -0.0000008940698962 -0.0000003532311150 -0.0000004224792045  0.0000004699615708 -0.0000005967295888 -0.0000009923582689 -0.0000004363112592
 -0.0000004957378290  0.0000467194368931 -0.0000018704439706  0.0000037095686264  0.0000060357396135  0.0000023797490012  0.0000009401965066  0.0000011245143910 -0.0000012508983732  0.0000015883172545  0.0000026413635099  0.0000011613312198
  0.0000007027243822 -0.0000018704439706  0.0000480513444961 -0.0000052584333270 -0.0000085558558240 -0.0000033733710622 -0.0000013327589114 -0.0000015940354650  0.0000017731888413 -0.0000022514910023 -0.0000037442180771 -0.0000016462245088
 -0.0000013936821216  0.0000037095686264 -0.0000052584333270  0.0000558287475193  0.0000169684496490  0.0000066902573154  0.0000026432016794  0.0000031613798879 -0.0000035166868389  0.0000044652823159  0.0000074257417636  0.0000032648841055
 -0.0000022676227986  0.0000060357396135 -0.0000085558558240  0.0000169684496490  0.0000730088390565  0.0000108855382310  0.0000043006825562  0.0000051437964207 -0.0000057219068306  0.0000072653410879  0.0000120822252495  0.0000053122053569
 -0.0000008940698962  0.0000023797490012 -0.0000033733710622  0.0000066902573154  0.0000108855382310  0.0000496918393528  0.0000016956571477  0.0000020280769513 -0.0000022560121769  0.0000028645517043  0.0000047637349041  0.0000020944766013
 -0.0000003532311150  0.0000009401965066 -0.0000013327589114  0.0000026432016794  0.0000043006825562  0.0000016956571477  0.0000460698537444  0.0000008012571342 -0.0000008913102880  0.0000011317334325  0.0000018820669378  0.0000008274904550
 -0.0000004224792045  0.0000011245143910 -0.0000015940354650  0.0000031613798879  0.0000051437964207  0.0000020280769513  0.0000008012571342  0.0000463582668462 -0.0000010660444265  0.0000013536005745  0.0000022510308658  0.0000009897132339
  0.0000004699615708 -0.0000012508983732  0.0000017731888413 -0.0000035166868389 -0.0000057219068306 -0.0000022560121769 -0.0000008913102880 -0.0000010660444265  0.0000465857867418 -0.0000015057315142 -0.0000025040238442 -0.0000011009469368
 -0.0000005967295888  0.0000015883172545 -0.0000022514910023  0.0000044652823159  0.0000072653410879  0.0000028645517043  0.0000011317334325  0.0000013536005745 -0.0000015057315142  0.0000473118191660  0.0000031794623468  0.0000013979177314
 -0.0000009923582689  0.0000026413635099 -0.0000037442180771  0.0000074257417636  0.0000120822252495  0.0000047637349041  0.0000018820669378  0.0000022510308658 -0.0000025040238442  0.0000031794623468  0.0000506873594622  0.0000023247300721
 -0.0000004363112592  0.0000011613312198 -0.0000016462245088  0.0000032648841055  0.0000053122053569  0.0000020944766013  0.0000008274904550  0.0000009897132339 -0.0000011009469368  0.0000013979177314  0.0000023247300721  0.0000464220464080



  0.0000455550746596  0.0000016503619144  0.0000014045986044 -0.0000003672834972 -0.0000002517181355  0.0000021086007535  0.0000004287749867 -0.0000006717748221  0.0000006868791448 -0.0000006706103097 -0.0000009147467822  0.0000021552614991
  0.0000016503619144  0.0000629557404814  0.0000149414907242 -0.0000039069973083 -0.0000026776647614  0.0000224303502079  0.0000045611162270 -0.0000071460396170  0.0000073067126350 -0.0000071336520555 -0.0000097306664824  0.0000229267063174
  0.0000014045986044  0.0000149414907242  0.0000581164114241 -0.0000033251875961 -0.0000022789208562  0.0000190901391533  0.0000038818985286 -0.0000060818885759  0.0000062186350041 -0.0000060713457056 -0.0000082816262555  0.0000195125804933
 -0.0000003672834972 -0.0000039069973083 -0.0000033251875961  0.0000462694212495  0.0000005959069155 -0.0000049918126420 -0.0000010150638502  0.0000015903314290 -0.0000016260887666  0.0000015875746114  0.0000021655330172 -0.0000051022753267
 -0.0000002517181355 -0.0000026776647614 -0.0000022789208562  0.0000005959069155  0.0000458083352010 -0.0000034211441044 -0.0000006956750895  0.0000010899353367 -0.0000011144416660  0.0000010880459487  0.0000014841503570 -0.0000034968498228
  0.0000021086007535  0.0000224303502079  0.0000190901391533 -0.0000049918126420 -0.0000034211441044  0.0000740582821739  0.0000058275539620 -0.0000091302061622  0.0000093354915872 -0.0000091143790753 -0.0000124324795050  0.0000292925265627
  0.0000004287749867  0.0000045611162270  0.0000038818985286 -0.0000010150638502 -0.0000006956750895  0.0000058275539620  0.0000465849380523 -0.0000018565885551  0.0000018983324723 -0.0000018533701843 -0.0000025280917813  0.0000059565105759
 -0.0000006717748221 -0.0000071460396170 -0.0000060818885759  0.0000015903314290  0.0000010899353367 -0.0000091302061622 -0.0000018565885551  0.0000483087035597 -0.0000029741752629  0.0000029037314778  0.0000039608383399 -0.0000093322464142
  0.0000006868791448  0.0000073067126350  0.0000062186350041 -0.0000016260887666 -0.0000011144416660  0.0000093354915872  0.0000018983324723 -0.0000029741752629  0.0000484409769910 -0.0000029690195709 -0.0000040498946402  0.0000095420745536
 -0.0000006706103097 -0.0000071336520555 -0.0000060713457056  0.0000015875746114  0.0000010880459487 -0.0000091143790753 -0.0000018533701843  0.0000029037314778 -0.0000029690195709  0.0000482986276617  0.0000039539722810 -0.0000093160690934
 -0.0000009147467822 -0.0000097306664824 -0.0000082816262555  0.0000021655330172  0.0000014841503570 -0.0000124324795050 -0.0000025280917813  0.0000039608383399 -0.0000040498946402  0.0000039539722810  0.0000507933503061 -0.0000127075950115
  0.0000021552614991  0.0000229267063174  0.0000195125804933 -0.0000051022753267 -0.0000034968498228  0.0000292925265627  0.0000059565105759 -0.0000093322464142  0.0000095420745536 -0.0000093160690934 -0.0000127075950115  0.0000753406639718



  0.6402203627902013 -0.3782366474647568 -0.1252909783697350  0.1413543938363504 -1.2766780847499781  0.5374879787915487  0.9367200619071602 -0.1668334536080655 -0.0375208035438008 -0.3394552950929128  0.4042460887656147 -1.0129971906176904
 -0.3782366474647568  0.2235201873728778  0.0740260735264624 -0.0835168770552595  0.7543038459974374 -0.3175657648977320 -0.5534453464967519  0.0985707526958235  0.0221685412244126  0.2005614704083671 -0.2388420274653459  0.5985124099610417
 -0.1252909783697350  0.0740260735264624  0.0245665549528101 -0.0276649834641346  0.2498633284064884 -0.1051937336427069 -0.1833289028463624  0.0326515831735949  0.0073433323121435  0.0664360351495336 -0.0791164770144247  0.1982573779657943
  0.1413543938363504 -0.0835168770552595 -0.0276649834641346  0.0312572826179960 -0.2818980212706405  0.1186805049817244  0.2068332924677068 -0.0368378089627906 -0.0082848163012969 -0.0749537229636946  0.0892599127688601 -0.2236757310037800
 -1.2766780847499781  0.7543038459974374  0.2498633284064884 -0.2818980212706405  2.5460789509609447 -1.0718930957981674 -1.8680673964240500  0.3327100008051194  0.0748263966188976  0.6769635833502134 -0.8061735489160375  2.0201841520372600
  0.5374879787915487 -0.3175657648977320 -0.1051937336427069  0.1186805049817244 -1.0718930957981674  0.4513178555294131  0.7864658906248083 -0.1400726074024067 -0.0315022963832987 -0.2850051170292474  0.3394031725298127 -0.8505078200658530
  0.9367200619071602 -0.5534453464967519 -0.1833289028463624  0.2068332924677068 -1.8680673964240500  0.7864658906248083  1.3706776903880900 -0.2441148916148327 -0.0549013783452717 -0.4966995027298138  0.5915030151800793 -1.4822428980198468
 -0.1668334536080655  0.0985707526958235  0.0326515831735949 -0.0368378089627906  0.3327100008051194 -0.1400726074024067 -0.2441148916148327  0.0435232055885215  0.0097781501135739  0.0884640946633955 -0.1053489679425214  0.2639931713631863
