
  0.0008615456049066 -0.0097784339219170  0.0066247444700423  0.0214842079974097 -0.0027385308479808  0.0123992409935880 -0.0543293701444788  0.0004413367773480  0.0406705185660277  0.0071344917309101  0.0003058962605345 -0.0049345010000350
 -0.0097784339219170  0.1172031317807619 -0.0793726324239059 -0.2574073869471474  0.0328109899611101 -0.1485582410362808  0.6509330492603432 -0.0052877613912786 -0.4872831131639140 -0.0854800332976074 -0.0036650173406307  0.0591214214961934
  0.0066247444700423 -0.0793726324239059  0.0538191857710271  0.1743897020009096 -0.0222289611897776  0.1006460134247229 -0.4409975241144453  0.0035823802883370  0.3301271100841818  0.0579114595804779  0.0024829952275769 -0.0400538893711305
  0.0214842079974097 -0.2574073869471474  0.1743897020009096  0.5655954676073639 -0.0720890657784360  0.3263974811826921 -1.4301657505853005  0.0116177472016768  1.0706102874224435  0.1878082784133269  0.0080524148976054 -0.1298957409997733
 -0.0027385308479808  0.0328109899611101 -0.0222289611897776 -0.0720890657784360  0.0092343901679282 -0.0416049613967781  0.1822991754663117 -0.0014808816825314 -0.1364676591534132 -0.0239393884129921 -0.0010264192086304  0.0165574406493578
  0.0123992409935880 -0.1485582410362808  0.1006460134247229  0.3263974811826921 -0.0416049613967781  0.1884200862720413 -0.8253955352599901  0.0067049823058608  0.6178842916761003  0.1083903145358899  0.0046473117736888 -0.0749670916868303
 -0.0543293701444788  0.6509330492603432 -0.4409975241144453 -1.4301657505853005  0.1822991754663117 -0.8253955352599901  3.6166554868425456 -0.0293790144209689 -2.7073644886062795 -0.4749304871927426 -0.0203629838504494  0.3284809837696439
  0.0004413367773480 -0.0052877613912786  0.0035823802883370  0.0116177472016768 -0.0014808816825314  0.0067049823058608 -0.0293790144209689  0.0002840562675951  0.0219928878334894  0.0038580296356509  0.0001654160108898 -0.0026683678192072
  0.0406705185660277 -0.4872831131639140  0.3301271100841818  1.0706102874224435 -0.1364676591534132  0.6178842916761003 -2.7073644886062795  0.0219928878334894  2.0267561313454820  0.3555290466273809  0.0152435616011695 -0.2458981561881583
  0.0071344917309101 -0.0854800332976074  0.0579114595804779  0.1878082784133269 -0.0239393884129921  0.1083903145358899 -0.4749304871927426  0.0038580296356509  0.3555290466273809  0.0624129108043901  0.0026740511722466 -0.0431358738222118
  0.0003058962605345 -0.0036650173406307  0.0024829952275769  0.0080524148976054 -0.0010264192086304  0.0046473117736888 -0.0203629838504494  0.0001654160108898  0.0152435616011695  0.0026740511722466  0.0001600522294435 -0.0018494805328378
 -0.0049345010000350  0.0591214214961934 -0.0400538893711305 -0.1298957409997733  0.0165574406493578 -0.0749670916868303  0.3284809837696439 -0.0026683678192072 -0.2458981561881583 -0.0431358738222118 -0.0018494805328378  0.0298799023974305



  0.0000453999297625  0.0000000000000000  0.0000000000000000  0.0000000000000000  0.0000000000000000  0.0000000000000000  0.0000000000000000  0.0000000000000000  0.0000000000000000  0.0000000000000000  0.0000000000000000  0.0000000000000000
  0.0000000000000000  0.0000453999297625  0.0000000000000000  0.0000000000000000  0.0000000000000000  0.0000000000000000  0.0000000000000000  0.0000000000000000  0.0000000000000000  0.0000000000000000  0.0000000000000000  0.0000000000000000
  0.0000000000000000  0.0000000000000000  0.0000453999297625  0.0000000000000000  0.0000000000000000  0.0000000000000000  0.0000000000000000  0.0000000000000000  0.0000000000000000  0.0000000000000000  0.0000000000000000  0.0000000000000000
  0.0000000000000000  0.0000000000000000  0.0000000000000000  0.0000453999297625  0.0000000000000000  0.0000000000000000  0.0000000000000000  0.0000000000000000  0.0000000000000000  0.0000000000000000  0.0000000000000000  0.0000000000000000
  0.0000000000000000  0.0000000000000000  0.0000000000000000  0.0000000000000000  0.0000453999297625  0.0000000000000000  0.0000000000000000  0.0000000000000000  0.0000000000000000  0.0000000000000000  0.0000000000000000  0.0000000000000000
  0.0000000000000000  0.0000000000000000  0.0000000000000000  0.0000000000000000  0.0000000000000000  0.0000453999297625  0.0000000000000000  0.0000000000000000  0.0000000000000000  0.0000000000000000  0.0000000000000000  0.0000000000000000
  0.0000000000000000  0.0000000000000000  0.0000000000000000  0.0000000000000000  0.0000000000000000  0.0000000000000000  0.0000453999297625  0.0000000000000000  0.0000000000000000  0.0000000000000000  0.0000000000000000  0.0000000000000000
  0.0000000000000000  0.0000000000000000  0.0000000000000000  0.0000000000000000  0.0000000000000000  0.0000000000000000  0.0000000000000000  0.0000453999297625  0.0000000000000000  0.0000000000000000  0.0000000000000000  0.0000000000000000
  0.0000000000000000  0.0000000000000000  0.0000000000000000  0.0000000000000000  0.0000000000000000  0.0000000000000000  0.0000000000000000  0.0000000000000000  0.0000453999297625  0.0000000000000000  0.0000000000000000  0.0000000000000000
  0.0000000000000000  0.0000000000000000  0.0000000000000000  0.0000000000000000  0.0000000000000000  0.0000000000000000  0.0000000000000000  0.0000000000000000  0.0000000000000000  0.0000453999297625  0.0000000000000000  0.0000000000000000
  0.0000000000000000  0.0000000000000000  0.0000000000000000  0.0000000000000000  0.0000000000000000  0.0000000000000000  0.0000000000000000  0.0000000000000000  0.0000000000000000  0.0000000000000000  0.0000453999297625  0.0000000000000000
  0.0000000000000000  0.0000000000000000  0.0000000000000000  0.0000000000000000  0.0000000000000000  0.0000000000000000  0.0000000000000000  0.0000000000000000  0.0000000000000000  0.0000000000000000  0.0000000000000000  0.0000453999297625



  0.0153223509019014 -0.1097529656929470 -0.0190588316946319 -0.1131299567685232  0.0547941546743016  0.1124509961651028 -0.0415717782310484  0.0503345381565481  0.0807174223399371  0.0445915110703158 -0.0548432954606815 -0.0692125838756083
 -0.1097529656929470  0.7885347776063416  0.1369228273193837  0.8127504212400920 -0.3936532256328438 -0.8078726176058378  0.2986607742351297 -0.3616143626249803 -0.5798916661702502 -0.3203551952082226  0.3940062623691705  0.4972383805909833
 -0.0190588316946319  0.1369228273193837  0.0238223348898159  0.1411358081634222 -0.0683587048580149 -0.1402887672978504  0.0518630673113788 -0.0627950893864997 -0.1006993990404303 -0.0556303487351698  0.0684200103610265  0.0863464832469328
 -0.1131299567685232  0.8127504212400920  0.1411358081634222  0.8378033533871190 -0.4057655485949743 -0.8327300649049995  0.3078502726021909 -0.3727408812138014 -0.5977343630153835 -0.3302122099611651  0.4061294481812552  0.5125379175107263
  0.0547941546743016 -0.3936532256328438 -0.0683587048580149 -0.4057655485949743  0.1965767248473065  0.4033303055898173 -0.1491063552242231  0.1805359264829972  0.2895108436303686  0.1599372920883440 -0.1967075783521025 -0.2482462006764449
  0.1124509961651028 -0.8078726176058378 -0.1402887672978504 -0.8327300649049995  0.4033303055898173  0.8277777522014399 -0.3060026776819628  0.3705038390241500  0.5941469998462751  0.3282304082559213 -0.4036920216446003 -0.5094618702355196
 -0.0415717782310484  0.2986607742351297  0.0518630673113788  0.3078502726021909 -0.1491063552242231 -0.3060026776819628  0.1131709040853201 -0.1369708060785824 -0.2196489882535452 -0.1213428274614429  0.1492400766530351  0.1883419148576832
  0.0503345381565481 -0.3616143626249803 -0.0627950893864997 -0.3727408812138014  0.1805359264829972  0.3705038390241500 -0.1369708060785824  0.1658877701800580  0.2659479775096546  0.1469202286772844 -0.1806978348506358 -0.2280418036735781
  0.0807174223399371 -0.5798916661702502 -0.1006993990404303 -0.5977343630153835  0.2895108436303686  0.5941469998462751 -0.2196489882535452  0.2659479775096546  0.4265246322793991  0.2356040717218974 -0.2897704831433024 -0.3656921717202651
  0.0445915110703158 -0.3203551952082226 -0.0556303487351698 -0.3302122099611651  0.1599372920883440  0.3282304082559213 -0.1213428274614429  0.1469202286772844  0.2356040717218974  0.1302024496633553 -0.1600807274651299 -0.2020228847506417
 -0.0548432954606815  0.3940062623691705  0.0684200103610265  0.4061294481812552 -0.1967075783521025 -0.4036920216446003  0.1492400766530351 -0.1806978348506358 -0.2897704831433024 -0.1600807274651299  0.1969293901566470  0.2484688338551210
 -0.0692125838756083  0.4972383805909833  0.0863464832469328  0.5125379175107263 -0.2482462006764449 -0.5094618702355196  0.1883419148576832 -0.2280418036735781 -0.3656921717202651 -0.2020228847506417  0.2484688338551210  0.3136146310727955



  0.0000481036737514  0.0000032865301284 -0.0000007359311418 -0.0000024635613486 -0.0000021097787365  0.0000008241979182  0.0000046708686814  0.0000033021298837  0.0000011646353241  0.0000007867038383  0.0000003302510804 -0.0000069586658745
  0.0000032865301284  0.0000493948643160 -0.0000008945594996 -0.0000029945766421 -0.0000025645369570  0.0000010018519879  0.0000056776642723  0.0000040138968021  0.0000014156699366  0.0000009562761405  0.0000004014359828 -0.0000084585911772
 -0.0000007359311418 -0.0000008945594996  0.0000456002426056  0.0000006705559119  0.0000005742599450 -0.0000002243381465 -0.0000012713621318 -0.0000008988055916 -0.0000003170016863 -0.0000002141326458 -0.0000000898909274  0.0000018940768590
 -0.0000024635613486 -0.0000029945766421  0.0000006705559119  0.0000476446446996  0.0000019223600202 -0.0000007509816548 -0.0000042559397616 -0.0000030087906188 -0.0000010611768649 -0.0000007168182996 -0.0000003009137700  0.0000063405042623
 -0.0000021097787365 -0.0000025645369570  0.0000005742599450  0.0000019223600202  0.0000470462270211 -0.0000006431360549 -0.0000036447605488 -0.0000025767097189 -0.0000009087853186 -0.0000006138787684 -0.0000002577006957  0.0000054299687235
  0.0000008241979182  0.0000010018519879 -0.0000002243381465 -0.0000007509816548 -0.0000006431360549  0.0000456511747810  0.0000014238479158  0.0000010066073515  0.0000003550225219  0.0000002398154812  0.0000001006723470 -0.0000021212503665
  0.0000046708686814  0.0000056776642723 -0.0000012713621318 -0.0000042559397616 -0.0000036447605488  0.0000014238479158  0.0000534691161677  0.0000057046137204  0.0000020119725399  0.0000013590747995  0.0000005705271781 -0.0000120214837760
  0.0000033021298837  0.0000040138968021 -0.0000008988055916 -0.0000030087906188 -0.0000025767097189  0.0000010066073515  0.0000057046137204  0.0000494328788189  0.0000014223895173  0.0000009608151750  0.0000004033414280 -0.0000084987404980
  0.0000011646353241  0.0000014156699366 -0.0000003170016863 -0.0000010611768649 -0.0000009087853186  0.0000003550225219  0.0000020119725399  0.0000014223895173  0.0000459015953949  0.0000003388719803  0.0000001422553598 -0.0000029974391507
  0.0000007867038383  0.0000009562761405 -0.0000002141326458 -0.0000007168182996 -0.0000006138787684  0.0000002398154812  0.0000013590747995  0.0000009608151750  0.0000003388719803  0.0000456288356543  0.0000000960926011 -0.0000020247512986
  0.0000003302510804  0.0000004014359828 -0.0000000898909274 -0.0000003009137700 -0.0000002577006957  0.0000001006723470  0.0000005705271781  0.0000004033414280  0.0000001422553598  0.0000000960926011  0.0000454402685581 -0.0000008499720877
 -0.0000069586658745 -0.0000084585911772  0.0000018940768590  0.0000063405042623  0.0000054299687235 -0.0000021212503665 -0.0000120214837760 -0.0000084987404980 -0.0000029974391507 -0.0000020247512986 -0.0000008499720877  0.0000633095509954



  0.0000453999297625  0.0000000000000000  0.0000000000000000  0.0000000000000000  0.0000000000000000  0.0000000000000000  0.0000000000000000  0.0000000000000000  0.0000000000000000  0.0000000000000000  0.0000000000000000  0.0000000000000000
  0.0000000000000000  0.0000453999297625  0.0000000000000000  0.0000000000000000  0.0000000000000000  0.0000000000000000  0.0000000000000000  0.0000000000000000  0.0000000000000000  0.0000000000000000  0.0000000000000000  0.0000000000000000
  0.0000000000000000  0.0000000000000000  0.0000453999297625  0.0000000000000000  0.0000000000000000  0.0000000000000000  0.0000000000000000  0.0000000000000000  0.0000000000000000  0.0000000000000000  0.0000000000000000  0.0000000000000000
  0.0000000000000000  0.0000000000000000  0.0000000000000000  0.0000453999297625  0.0000000000000000  0.0000000000000000  0.0000000000000000  0.0000000000000000  0.0000000000000000  0.0000000000000000  0.0000000000000000  0.0000000000000000
  0.0000000000000000  0.0000000000000000  0.0000000000000000  0.0000000000000000  0.0000453999297625  0.0000000000000000  0.0000000000000000  0.0000000000000000  0.0000000000000000  0.0000000000000000  0.0000000000000000  0.0000000000000000
  0.0000000000000000  0.0000000000000000  0.0000000000000000  0.0000000000000000  0.0000000000000000  0.0000453999297625  0.0000000000000000  0.0000000000000000  0.0000000000000000  0.0000000000000000  0.0000000000000000  0.0000000000000000
  0.0000000000000000  0.0000000000000000  0.0000000000000000  0.0000000000000000  0.0000000000000000  0.0000000000000000  0.0000453999297625  0.0000000000000000  0.0000000000000000  0.0000000000000000  0.0000000000000000  0.0000000000000000
  0.0000000000000000  0.0000000000000000  0.0000000000000000  0.0000000000000000  0.0000000000000000  0.0000000000000000  0.0000000000000000  0.0000453999297625  0.0000000000000000  0.0000000000000000  0.0000000000000000  0.0000000000000000
  0.0000000000000000  0.0000000000000000  0.0000000000000000  0.0000000000000000  0.0000000000000000  0.0000000000000000  0.0000000000000000  0.0000000000000000  0.0000453999297625  0.0000000000000000  0.0000000000000000  0.0000000000000000
  0.0000000000000000  0.0000000000000000  0.0000000000000000  0.0000000000000000  0.0000000000000000  0.0000000000000000  0.0000000000000000  0.0000000000000000  0.0000000000000000  0.0000453999297625  0.0000000000000000  0.0000000000000000
  0.0000000000000000  0.0000000000000000  0.0000000000000000  0.0000000000000000  0.0000000000000000  0.0000000000000000  0.0000000000000000  0.0000000000000000  0.0000000000000000  0.0000000000000000  0.0000453999297625  0.0000000000000000
  0.0000000000000000  0.0000000000000000  0.0000000000000000  0.0000000000000000  0.0000000000000000  0.0000000000000000  0.0000000000000000  0.0000000000000000  0.0000000000000000  0.0000000000000000  0.0000000000000000  0.0000453999297625



  0.0000453999297625  0.0000000000000000  0.0000000000000000  0.0000000000000000  0.0000000000000000  0.0000000000000000  0.0000000000000000  0.0000000000000000  0.0000000000000000  0.0000000000000000  0.0000000000000000  0.0000000000000000
  0.0000000000000000  0.0000453999297625  0.0000000000000000  0.0000000000000000  0.0000000000000000  0.0000000000000000  0.0000000000000000  0.0000000000000000  0.0000000000000000  0.0000000000000000  0.0000000000000000  0.0000000000000000
  0.0000000000000000  0.0000000000000000  0.0000453999297625  0.0000000000000000  0.0000000000000000  0.0000000000000000  0.0000000000000000  0.0000000000000000  0.0000000000000000  0.0000000000000000  0.0000000000000000  0.0000000000000000
  0.0000000000000000  0.0000000000000000  0.0000000000000000  0.0000453999297625  0.0000000000000000  0.0000000000000000  0.0000000000000000  0.0000000000000000  0.0000000000000000  0.0000000000000000  0.0000000000000000  0.0000000000000000
  0.0000000000000000  0.0000000000000000  0.0000000000000000  0.0000000000000000  0.0000453999297625  0.0000000000000000  0.0000000000000000  0.0000000000000000  0.0000000000000000  0.0000000000000000  0.0000000000000000  0.0000000000000000
  0.0000000000000000  0.0000000000000000  0.0000000000000000  0.0000000000000000  0.0000000000000000  0.0000453999297625  0.0000000000000000  0.0000000000000000  0.0000000000000000  0.0000000000000000  0.0000000000000000  0.0000000000000000
  0.0000000000000000  0.0000000000000000  0.0000000000000000  0.0000000000000000  0.0000000000000000  0.0000000000000000  0.0000453999297625  0.0000000000000000  0.0000000000000000  0.0000000000000000  0.0000000000000000  0.0000000000000000
  0.0000000000000000  0.0000000000000000  0.0000000000000000  0.0000000000000000  0.0000000000000000  0.0000000000000000  0.0000000000000000  0.0000453999297625  0.0000000000000000  0.0000000000000000  0.0000000000000000  0.0000000000000000
  0.0000000000000000  0.0000000000000000  0.0000000000000000  0.0000000000000000  0.0000000000000000  0.0000000000000000  0.0000000000000000  0.0000000000000000  0.0000453999297625  0.0000000000000000  0.0000000000000000  0.0000000000000000
  0.0000000000000000  0.0000000000000000  0.0000000000000000  0.0000000000000000  0.0000000000000000  0.0000000000000000  0.0000000000000000  0.0000000000000000  0.0000000000000000  0.0000453999297625  0.0000000000000000  0.0000000000000000
  0.0000000000000000  0.0000000000000000  0.0000000000000000  0.0000000000000000  0.0000000000000000  0.0000000000000000  0.0000000000000000  0.0000000000000000  0.0000000000000000  0.0000000000000000  0.0000453999297625  0.0000000000000000
  0.0000000000000000  0.0000000000000000  0.0000000000000000  0.0000000000000000  0.0000000000000000  0.0000000000000000  0.0000000000000000  0.0000000000000000  0.0000000000000000  0.0000000000000000  0.0000000000000000  0.0000453999297625



  0.0000453999297625  0.0000000000000000  0.0000000000000000  0.0000000000000000  0.0000000000000000  0.0000000000000000  0.0000000000000000  0.0000000000000000  0.0000000000000000  0.0000000000000000  0.0000000000000000  0.0000000000000000
  0.0000000000000000  0.0000453999297625  0.0000000000000000  0.0000000000000000  0.0000000000000000  0.0000000000000000  0.0000000000000000  0.0000000000000000  0.0000000000000000  0.0000000000000000  0.0000000000000000  0.0000000000000000
  0.0000000000000000  0.0000000000000000  0.0000453999297625  0.0000000000000000  0.0000000000000000  0.0000000000000000  0.0000000000000000  0.0000000000000000  0.0000000000000000  0.0000000000000000  0.0000000000000000  0.0000000000000000
  0.0000000000000000  0.0000000000000000  0.0000000000000000  0.0000453999297625  0.0000000000000000  0.0000000000000000  0.0000000000000000  0.0000000000000000  0.0000000000000000  0.0000000000000000  0.0000000000000000  0.0000000000000000
  0.0000000000000000  0.0000000000000000  0.0000000000000000  0.0000000000000000  0.0000453999297625  0.0000000000000000  0.0000000000000000  0.0000000000000000  0.0000000000000000  0.0000000000000000  0.0000000000000000  0.0000000000000000
  0.0000000000000000  0.0000000000000000  0.0000000000000000  0.0000000000000000  0.0000000000000000  0.0000453999297625  0.0000000000000000  0.0000000000000000  0.0000000000000000  0.0000000000000000  0.0000000000000000  0.0000000000000000
  0.0000000000000000  0.0000000000000000  0.0000000000000000  0.0000000000000000  0.0000000000000000  0.0000000000000000  0.0000453999297625  0.0000000000000000  0.0000000000000000  0.0000000000000000  0.0000000000000000  0.0000000000000000
  0.0000000000000000  0.0000000000000000  0.0000000000000000  0.0000000000000000  0.0000000000000000  0.0000000000000000  0.0000000000000000  0.0000453999297625  0.0000000000000000  0.0000000000000000  0.0000000000000000  0.0000000000000000
  0.0000000000000000  0.0000000000000000  0.0000000000000000  0.0000000000000000  0.0000000000000000  0.0000000000000000  0.0000000000000000  0.0000000000000000  0.0000453999297625  0.0000000000000000  0.0000000000000000  0.0000000000000000
  0.0000000000000000  0.0000000000000000  0.0000000000000000  0.0000000000000000  0.0000000000000000  0.0000000000000000  0.0000000000000000  0.0000000000000000  0.0000000000000000  0.0000453999297625  0.0000000000000000  0.0000000000000000
  0.0000000000000000  0.0000000000000000  0.0000000000000000  0.0000000000000000  0.0000000000000000  0.0000000000000000  0.0000000000000000  0.0000000000000000  0.0000000000000000  0.0000000000000000  0.0000453999297625  0.0000000000000000
  0.0000000000000000  0.0000000000000000  0.0000000000000000  0.0000000000000000  0.0000000000000000  0.0000000000000000  0.0000000000000000  0.0000000000000000  0.0000000000000000  0.0000000000000000  0.0000000000000000  0.0000453999297625



  0.0000456092322833  0.0000005326355316  0.0000005364707152  0.0000010146573244 -0.0000004694536777  0.0000004867195646 -0.0000001764696368  0.0000001801536479  0.0000013684471750  0.0000001727937895  0.0000003865289248  0.0000007325745006
  0.0000005326355316  0.0000467553869658  0.0000013652170241  0.0000025821119655 -0.0000011946712741  0.0000012386097073 -0.0000004490820198  0.0000004584571350  0.0000034824405636  0.0000004397276801  0.0000009836433817  0.0000018642642577
  0.0000005364707152  0.0000013652170241  0.0000467749768819  0.0000026007041792 -0.0000012032733734  0.0000012475281805 -0.0000004523155856  0.0000004617582053  0.0000035075154945  0.0000004428938910  0.0000009907259978  0.0000018776876878
  0.0000010146573244  0.0000025821119655  0.0000026007041792  0.0000503187882744 -0.0000022758188042  0.0000023595204171 -0.0000008554899808  0.0000008733493400  0.0000066339619031  0.0000008376701984  0.0000018738159636  0.0000035513766386
 -0.0000004694536777 -0.0000011946712741 -0.0000012032733734 -0.0000022758188042  0.0000464528877236 -0.0000010916843656  0.0000003958113819 -0.0000004040744099 -0.0000030693493640 -0.0000003875666650 -0.0000008669624457 -0.0000016431230366
  0.0000004867195646  0.0000012386097073  0.0000012475281805  0.0000023595204171 -0.0000010916843656  0.0000465317648387 -0.0000004103688023  0.0000004189357336  0.0000031822359839  0.0000004018208556  0.0000008988481806  0.0000017035549340
 -0.0000001764696368 -0.0000004490820198 -0.0000004523155856 -0.0000008554899808  0.0000003958113819 -0.0000004103688023  0.0000455487169466 -0.0000001518932916 -0.0000011537814978 -0.0000001456879600 -0.0000003258948756 -0.0000006176569472
  0.0000001801536479  0.0000004584571350  0.0000004617582053  0.0000008733493400 -0.0000004040744099  0.0000004189357336 -0.0000001518932916  0.0000455549940051  0.0000011778680431  0.0000001487293674  0.0000003326983143  0.0000006305512622
  0.0000013684471750  0.0000034824405636  0.0000035075154945  0.0000066339619031 -0.0000030693493640  0.0000031822359839 -0.0000011537814978  0.0000011778680431  0.0000543470158445  0.0000011297483288  0.0000025271765158  0.0000047896676163
  0.0000001727937895  0.0000004397276801  0.0000004428938910  0.0000008376701984 -0.0000003875666650  0.0000004018208556 -0.0000001456879600  0.0000001487293674  0.0000011297483288  0.0000455425830548  0.0000003191065135  0.0000006047912064
  0.0000003865289248  0.0000009836433817  0.0000009907259978  0.0000018738159636 -0.0000008669624457  0.0000008988481806 -0.0000003258948756  0.0000003326983143  0.0000025271765158  0.0000003191065135  0.0000461137511210  0.0000013528801900
  0.0000007325745006  0.0000018642642577  0.0000018776876878  0.0000035513766386 -0.0000016431230366  0.0000017035549340 -0.0000006176569472  0.0000006305512622  0.0000047896676163  0.0000006047912064  0.0000013528801900  0.0000479639953883



  1.4725867898906142 -0.6500914778919404  0.2305260021313228  0.4820599140170435  0.7493332491939203 -1.7996124710847465 -0.2279013907571645  1.2553303778512990 -0.1832272747116760  0.5557772658163715 -0.6562766425982337 -0.4606558894044498
 -0.6500914778919404  0.2870451009436091 -0.1017716692701826 -0.2128178123014567 -0.3308125565945067  0.7944854783509603  0.1006129621005526 -0.5541980677152220  0.0808904138994552 -0.2453622547920590  0.2897303073827462  0.2033684573497417
  0.2305260021313228 -0.1017716692701826  0.0361341930119396  0.0754663620186535  0.1173079508078561 -0.2817289103250674 -0.0356779077851480  0.1965216756767464 -0.0286841827572798  0.0870068030923544 -0.1027399588967462 -0.0721155705211950
  0.4820599140170435 -0.2128178123014567  0.0754663620186535  0.1578554043488790  0.2453061843723162 -0.5891318427724269 -0.0746071560673600  0.4109524197786674 -0.0599823738568282  0.1819425495434837 -0.2148426217308733 -0.1508030527353117
  0.7493332491939203 -0.3308125565945067  0.1173079508078561  0.2453061843723162  0.3813592144696102 -0.9157701905119480 -0.1159723513531246  0.6388009383686657 -0.0932389893112435  0.2828188166392529 -0.3339600196363802 -0.2344143152768963
 -1.7996124710847465  0.7944854783509603 -0.2817289103250674 -0.5891318427724269 -0.9157701905119480  2.1993758302288150  0.2785213277425832 -1.5341560146490298  0.2239244852453249 -0.6792228257745726  0.8020444624989832  0.5629737102482073
 -0.2279013907571645  0.1006129621005526 -0.0356779077851480 -0.0746071560673600 -0.1159723513531246  0.2785213277425832  0.0353171039017547 -0.1942842080555670  0.0283576079559834 -0.0860161972856779  0.1015702233852868  0.0712945104903103
  1.2553303778512990 -0.5541980677152220  0.1965216756767464  0.4109524197786674  0.6388009383686657 -1.5341560146490298 -0.1942842080555670  1.0702050472257851 -0.1561998566370057  0.4737959189191168 -0.5594708812419478 -0.3927056581548208
 -0.1832272747116760  0.0808904138994552 -0.0286841827572798 -0.0599823738568282 -0.0932389893112435  0.2239244852453249  0.0283576079559834 -0.1561998566370057  0.0228442430162764 -0.0691549623541883  0.0816600251238719  0.0573190821077232
  0.5557772658163715 -0.2453622547920590  0.0870068030923544  0.1819425495434837  0.2828188166392529 -0.6792228257745726 -0.0860161972856779  0.4737959189191168 -0.0691549623541883  0.2098109020915605 -0.2476967115912307 -0.1738640938671006
 -0.6562766425982337  0.2897303073827462 -0.1027399588967462 -0.2148426217308733 -0.3339600196363802  0.8020444624989832  0.1015702233852868 -0.5594708812419478  0.0816600251238719 -0.2476967115912307  0.2925322982923895  0.2053033674079883
 -0.4606558894044498  0.2033684573497417 -0.0721155705211950 -0.1508030527353117 -0.2344143152768963  0.5629737102482073  0.0712945104903103 -0.3927056581548208  0.0573190821077232 -0.1738640938671006  0.2053033674079883  0.1441526222008390



  0.0000453999297625  0.0000000000000000  0.0000000000000000  0.0000000000000000  0.0000000000000000  0.0000000000000000  0.0000000000000000  0.0000000000000000  0.0000000000000000  0.0000000000000000  0.0000000000000000  0.0000000000000000
  0.0000000000000000  0.0000453999297625  0.0000000000000000  0.0000000000000000  0.0000000000000000  0.0000000000000000  0.0000000000000000  0.0000000000000000  0.0000000000000000  0.0000000000000000  0.0000000000000000  0.0000000000000000
  0.0000000000000000  0.0000000000000000  0.0000453999297625  0.0000000000000000  0.0000000000000000  0.0000000000000000  0.0000000000000000  0.0000000000000000  0.0000000000000000  0.0000000000000000  0.0000000000000000  0.0000000000000000
  0.0000000000000000  0.0000000000000000  0.0000000000000000  0.0000453999297625  0.0000000000000000  0.0000000000000000  0.0000000000000000  0.0000000000000000  0.0000000000000000  0.0000000000000000  0.0000000000000000  0.0000000000000000
  0.0000000000000000  0.0000000000000000  0.0000000000000000  0.0000000000000000  0.0000453999297625  0.0000000000000000  0.0000000000000000  0.0000000000000000  0.0000000000000000  0.0000000000000000  0.0000000000000000  0.0000000000000000
  0.0000000000000000  0.0000000000000000  0.0000000000000000  0.0000000000000000  0.0000000000000000  0.0000453999297625  0.0000000000000000  0.0000000000000000  0.0000000000000000  0.0000000000000000  0.0000000000000000  0.0000000000000000
  0.0000000000000000  0.0000000000000000  0.0000000000000000  0.0000000000000000  0.0000000000000000  0.0000000000000000  0.0000453999297625  0.0000000000000000  0.0000000000000000  0.0000000000000000  0.0000000000000000  0.0000000000000000
  0.0000000000000000  0.0000000000000000  0.0000000000000000  0.0000000000000000  0.0000000000000000  0.0000000000000000  0.0000000000000000  0.0000453999297625  0.0000000000000000  0.0000000000000000  0.0000000000000000  0.0000000000000000
  0.0000000000000000  0.0000000000000000  0.0000000000000000  0.0000000000000000  0.0000000000000000  0.0000000000000000  0.0000000000000000  0.0000000000000000  0.0000453999297625  0.0000000000000000  0.0000000000000000  0.0000000000000000
  0.0000000000000000  0.0000000000000000  0.0000000000000000  0.0000000000000000  0.0000000000000000  0.0000000000000000  0.0000000000000000  0.0000000000000000  0.0000000000000000  0.0000453999297625  0.0000000000000000  0.0000000000000000
  0.0000000000000000  0.0000000000000000  0.0000000000000000  0.0000000000000000  0.0000000000000000  0.0000000000000000  0.0000000000000000  0.0000000000000000  0.0000000000000000  0.0000000000000000  0.0000453999297625  0.0000000000000000
  0.0000000000000000  0.0000000000000000  0.0000000000000000  0.0000000000000000  0.0000000000000000  0.0000000000000000  0.0000000000000000  0.0000000000000000  0.0000000000000000  0.0000000000000000  0.0000000000000000  0.0000453999297625



  0.0000453999297625  0.0000000000000000  0.0000000000000000  0.0000000000000000  0.0000000000000000  0.0000000000000000  0.0000000000000000  0.0000000000000000  0.0000000000000000  0.0000000000000000  0.0000000000000000  0.0000000000000000
  0.0000000000000000  0.0000453999297625  0.0000000000000000  0.0000000000000000  0.0000000000000000  0.0000000000000000  0.0000000000000000  0.0000000000000000  0.0000000000000000  0.0000000000000000  0.0000000000000000  0.0000000000000000
  0.0000000000000000  0.0000000000000000  0.0000453999297625  0.0000000000000000  0.0000000000000000  0.0000000000000000  0.0000000000000000  0.0000000000000000  0.0000000000000000  0.0000000000000000  0.0000000000000000  0.0000000000000000
  0.0000000000000000  0.0000000000000000  0.0000000000000000  0.0000453999297625  0.0000000000000000  0.0000000000000000  0.0000000000000000  0.0000000000000000  0.0000000000000000  0.0000000000000000  0.0000000000000000  0.0000000000000000
  0.0000000000000000  0.0000000000000000  0.0000000000000000  0.0000000000000000  0.0000453999297625  0.0000000000000000  0.0000000000000000  0.0000000000000000  0.0000000000000000  0.0000000000000000  0.0000000000000000  0.0000000000000000
  0.0000000000000000  0.0000000000000000  0.0000000000000000  0.0000000000000000  0.0000000000000000  0.0000453999297625  0.0000000000000000  0.0000000000000000  0.0000000000000000  0.0000000000000000  0.0000000000000000  0.0000000000000000
  0.0000000000000000  0.0000000000000000  0.0000000000000000  0.0000000000000000  0.0000000000000000  0.0000000000000000  0.0000453999297625  0.0000000000000000  0.0000000000000000  0.0000000000000000  0.0000000000000000  0.0000000000000000
  0.0000000000000000  0.0000000000000000  0.0000000000000000  0.0000000000000000  0.0000000000000000  0.0000000000000000  0.0000000000000000  0.0000453999297625  0.0000000000000000  0.0000000000000000  0.0000000000000000  0.0000000000000000
  0.0000000000000000  0.0000000000000000  0.0000000000000000  0.0000000000000000  0.0000000000000000  0.0000000000000000  0.0000000000000000  0.0000000000000000  0.0000453999297625  0.0000000000000000  0.0000000000000000  0.0000000000000000
  0.0000000000000000  0.0000000000000000  0.0000000000000000  0.0000000000000000  0.0000000000000000  0.0000000000000000  0.0000000000000000  0.0000000000000000  0.0000000000000000  0.0000453999297625  0.0000000000000000  0.0000000000000000
  0.0000000000000000  0.0000000000000000  0.0000000000000000  0.0000000000000000  0.0000000000000000  0.0000000000000000  0.0000000000000000  0.0000000000000000  0.0000000000000000  0.0000000000000000  0.0000453999297625  0.0000000000000000
  0.0000000000000000  0.0000000000000000  0.0000000000000000  0.0000000000000000  0.0000000000000000  0.0000000000000000  0.0000000000000000  0.0000000000000000  0.0000000000000000  0.0000000000000000  0.0000000000000000  0.0000453999297625



  0.2469831959415186 -0.9537405422965701 -0.1400434195330422 -0.8612037620717572  0.5538234378499883  0.5714187570691012  0.1488903813334607  0.1367980417128994 -0.1516868861966119 -0.2442110630556120  0.0546337143307258 -0.4713211151350271
 -0.9537405422965701  3.6836492909695840  0.5408855581045805  3.3262018124540280 -2.1390158835272777 -2.2069737642190876 -0.5750549116107064 -0.5283510295648761  0.5858557740459932  0.9432091652694321 -0.2110101805035249  1.8203695934096320
 -0.1400434195330422  0.5408855581045805  0.0794668566493144  0.4884060762508052 -0.3140844765073709 -0.3240631379701916 -0.0844387468236086 -0.0775809369934587  0.0860247020670472  0.1384970346244992 -0.0309838850067304  0.2672957385266677
 -0.8612037620717572  3.3262018124540280  0.4884060762508052  3.0035221150633030 -1.9314776297664804 -1.9928418896963316 -0.5192601472667562 -0.4770877126670318  0.5290130525053099  0.8516941914842253 -0.1905368934812529  1.6437480362225890
  0.5538234378499883 -2.1390158835272777 -0.3140844765073709 -1.9314776297664804  1.2421412077736815  1.2815579733396407  0.3339261300466868  0.3068058559815670 -0.3401980352560484 -0.5477080180898214  0.1225305815874906 -1.0570624839213218
  0.5714187570691012 -2.2069737642190876 -0.3240631379701916 -1.9928418896963316  1.2815579733396407  1.3223192766030376  0.3445351734271667  0.3165532711218973 -0.3510063409318863 -0.5651090465196995  0.1264234552477886 -1.0906460244386100
  0.1488903813334607 -0.5750549116107064 -0.0844387468236086 -0.5192601472667562  0.3339261300466868  0.3445351734271667  0.0898183957636472  0.0824819565408747 -0.0914591391930599 -0.1472463057120566  0.0329412289769804 -0.2841816108405013
  0.1367980417128994 -0.5283510295648761 -0.0775809369934587 -0.4770877126670318  0.3068058559815670  0.3165532711218973  0.0824819565408747  0.0758284697408791 -0.0840311582684088 -0.1352874925502738  0.0302658616460091 -0.2611014051696564
 -0.1516868861966119  0.5858557740459932  0.0860247020670472  0.5290130525053099 -0.3401980352560484 -0.3510063409318863 -0.0914591391930599 -0.0840311582684088  0.0932223533188893  0.1500119318281032 -0.0335599418702676  0.2895191964578312
 -0.2442110630556120  0.9432091652694321  0.1384970346244992  0.8516941914842253 -0.5477080180898214 -0.5651090465196995 -0.1472463057120566 -0.1352874925502738  0.1500119318281032  0.2415598396413628 -0.0540304391289482  0.4661166995012724
  0.0546337143307258 -0.2110101805035249 -0.0309838850067304 -0.1905368934812529  0.1225305815874906  0.1264234552477886  0.0329412289769804  0.0302658616460091 -0.0335599418702676 -0.0540304391289482  0.0121328278915907 -0.1042773665808037
 -0.4713211151350271  1.8203695934096320  0.2672957385266677  1.6437480362225890 -1.0570624839213218 -1.0906460244386100 -0.2841816108405013 -0.2611014051696564  0.2895191964578312  0.4661166995012724 -0.1042773665808037  0.8996387276889778



  0.0014703917523994  0.0002594871394443 -0.0000536070345097  0.0002651422345268 -0.0000777485537428  0.0003472588724320 -0.0003947605329994 -0.0004783011345931 -0.0001569382211414  0.0008190741194628  0.0002597897759703 -0.0012174621997782
  0.0002594871394443  0.0000926518328733 -0.0000097616953431  0.0000482816805614 -0.0000141578004071  0.0000632348972272 -0.0000718848205627 -0.0000870973371474 -0.0000285780236957  0.0001491511718705  0.0000473070124000 -0.0002216965589440
 -0.0000536070345097 -0.0000097616953431  0.0000474165828431 -0.0000099744354252  0.0000029248374183 -0.0000130635966204  0.0000148505704941  0.0000179933000463  0.0000059038883613 -0.0000308129028466 -0.0000097730802833  0.0000457999387232
  0.0002651422345268  0.0000482816805614 -0.0000099744354252  0.0000947338300790 -0.0000144663463629  0.0000646129977262 -0.0000734514319028 -0.0000889954802464 -0.0000292008346821  0.0001524016761553  0.0000483379908669 -0.0002265280705287
 -0.0000777485537428 -0.0000141578004071  0.0000029248374183 -0.0000144663463629  0.0000496419454099 -0.0000189466877473  0.0000215384116792  0.0000260964455216  0.0000085626594671 -0.0000446892586924 -0.0000141743124683  0.0000664255918986
  0.0003472588724320  0.0000632348972272 -0.0000130635966204  0.0000646129977262 -0.0000189466877473  0.0001300240816819 -0.0000961999187591 -0.0001165580812768 -0.0000382445631261  0.0001996016753532  0.0000633086472776 -0.0002966855977750
 -0.0003947605329994 -0.0000718848205627  0.0000148505704941 -0.0000734514319028  0.0000215384116792 -0.0000961999187591  0.0001547590684877  0.0001325021012940  0.0000434760500668 -0.0002269052571592 -0.0000719686589078  0.0003372693227122
 -0.0004783011345931 -0.0000870973371474  0.0000179933000463 -0.0000889954802464  0.0000260964455216 -0.0001165580812768  0.0001325021012940  0.0002059425881265  0.0000526766035008 -0.0002749237395131 -0.0000871989176558  0.0004086434337571
 -0.0001569382211414 -0.0000285780236957  0.0000059038883613 -0.0000292008346821  0.0000085626594671 -0.0000382445631261  0.0000434760500668  0.0000526766035008  0.0000626839624592 -0.0000902068582075 -0.0000286113538786  0.0001340824199163
  0.0008190741194628  0.0001491511718705 -0.0000308129028466  0.0001524016761553 -0.0000446892586924  0.0001996016753532 -0.0002269052571592 -0.0002749237395131 -0.0000902068582075  0.0005161973073448  0.0001493251249713 -0.0006997877204778
  0.0002597897759703  0.0000473070124000 -0.0000097730802833  0.0000483379908669 -0.0000141743124683  0.0000633086472776 -0.0000719686589078 -0.0000871989176558 -0.0000286113538786  0.0001493251249713  0.0000927621157249 -0.0002219551208002
 -0.0012174621997782 -0.0002216965589440  0.0000457999387232 -0.0002265280705287  0.0000664255918986 -0.0002966855977750  0.0003372693227122  0.0004086434337571  0.0001340824199163 -0.0006997877204778 -0.0002219551208002  0.0010855562200253



  0.0000458653461015  0.0000010211236044  0.0000016660654394  0.0000015920580787 -0.0000005569824970 -0.0000011417961996  0.0000009996971142  0.0000002220286827 -0.0000005999808415 -0.0000014097022554 -0.0000003795518996  0.0000004499358509
  0.0000010211236044  0.0000476402752941  0.0000036553481345  0.0000034929759603 -0.0000012220197858 -0.0000025051012460  0.0000021933358049  0.0000004871310044 -0.0000013163581680 -0.0000030928872225 -0.0000008327369954  0.0000009871594082
  0.0000016660654394  0.0000036553481345  0.0000513639963745  0.0000056991401462 -0.0000019938476817 -0.0000040873236013  0.0000035786470567  0.0000007948030262 -0.0000021477702015 -0.0000050463552963 -0.0000013586938174  0.0000016106494514
  0.0000015920580787  0.0000034929759603  0.0000056991401462  0.0000508459115931 -0.0000019052800895 -0.0000039057628866  0.0000034196819782  0.0000007594975257 -0.0000020523653032 -0.0000048221939714 -0.0000012983400395  0.0000015391036933
 -0.0000005569824970 -0.0000012220197858 -0.0000019938476817 -0.0000019052800895  0.0000460664931724  0.0000013664335456 -0.0000011963778412 -0.0000002657106760  0.0000007180212623  0.0000016870475237  0.0000004542250605 -0.0000005384563728
 -0.0000011417961996 -0.0000025051012460 -0.0000040873236013 -0.0000039057628866  0.0000013664335456  0.0000482010745700 -0.0000024525360844 -0.0000005446983374  0.0000014719204875  0.0000034583931477  0.0000009311467607 -0.0000011038182409
  0.0000009996971142  0.0000021933358049  0.0000035786470567  0.0000034196819782 -0.0000011963778412 -0.0000024525360844  0.0000475472422575  0.0000004769094136 -0.0000012887366977 -0.0000030279884018 -0.0000008152634682  0.0000009664455972
  0.0000002220286827  0.0000004871310044  0.0000007948030262  0.0000007594975257 -0.0000002657106760 -0.0000005446983374  0.0000004769094136  0.0000455058494129 -0.0000002862232042 -0.0000006725039678 -0.0000001810667164  0.0000002146436553
