
  0.0000454018421730 -0.0000000022055314 -0.0000000324058324 -0.0000000093054171  0.0000000026977887  0.0000000016492911  0.0000000135615973  0.0000000006942193  0.0000000218163663 -0.0000000084387610 -0.0000000145581036  0.0000000089438794
 -0.0000000022055314  0.0000454024733423  0.0000000373727714  0.0000000107316863 -0.0000000031112869 -0.0000000019020829 -0.0000000156402239 -0.0000000008006244 -0.0000000251602261  0.0000000097321952  0.0000000167894678 -0.0000000103147345
 -0.0000000324058324  0.0000000373727714  0.0000459490472009  0.0000001576804679 -0.0000000457140804 -0.0000000279472689 -0.0000002298015205 -0.0000000117635588 -0.0000003696787360  0.0000001429949637  0.0000002466873395 -0.0000001515542035
 -0.0000000093054171  0.0000000107316863  0.0000001576804679  0.0000454452081095 -0.0000000131269144 -0.0000000080251293 -0.0000000659880906 -0.0000000033779358 -0.0000001061541885  0.0000000410613672  0.0000000708368964 -0.0000000435191747
  0.0000000026977887 -0.0000000031112869 -0.0000000457140804 -0.0000000131269144  0.0000454037354641  0.0000000023266129  0.0000000191309990  0.0000000009793174  0.0000000307757909 -0.0000000119043447 -0.0000000205367451  0.0000000126169023
  0.0000000016492911 -0.0000000019020829 -0.0000000279472689 -0.0000000080251293  0.0000000023266129  0.0000454013521355  0.0000000116957220  0.0000000005987050  0.0000000188147568 -0.0000000072777122 -0.0000000125551238  0.0000000077133338
  0.0000000135615973 -0.0000000156402239 -0.0000002298015205 -0.0000000659880906  0.0000000191309990  0.0000000116957220  0.0000454960999715  0.0000000049229609  0.0000001547077723 -0.0000000598423175 -0.0000001032367973  0.0000000634242950
  0.0000000006942193 -0.0000000008006244 -0.0000000117635588 -0.0000000033779358  0.0000000009793174  0.0000000005987050  0.0000000049229609  0.0000454001817693  0.0000000079195037 -0.0000000030633332 -0.0000000052847002  0.0000000032466949
  0.0000000218163663 -0.0000000251602261 -0.0000003696787360 -0.0000001061541885  0.0000000307757909  0.0000000188147568  0.0000001547077723  0.0000000079195037  0.0000456488061563 -0.0000000962675627 -0.0000001660757016  0.0000001020298436
 -0.0000000084387610  0.0000000097321952  0.0000001429949637  0.0000000410613672 -0.0000000119043447 -0.0000000072777122 -0.0000000598423175 -0.0000000030633332 -0.0000000962675627  0.0000454371668965  0.0000000642395318 -0.0000000394660346
 -0.0000000145581036  0.0000000167894678  0.0000002466873395  0.0000000708368964 -0.0000000205367451 -0.0000000125551238 -0.0000001032367973 -0.0000000052847002 -0.0000001660757016  0.0000000642395318  0.0000455107524012 -0.0000000680847131
  0.0000000089438794 -0.0000000103147345 -0.0000001515542035 -0.0000000435191747  0.0000000126169023  0.0000000077133338  0.0000000634242950  0.0000000032466949  0.0000001020298436 -0.0000000394660346 -0.0000000680847131  0.0000454417581128



  0.0000453999297625  0.0000000000000000  0.0000000000000000  0.0000000000000000  0.0000000000000000  0.0000000000000000  0.0000000000000000  0.0000000000000000  0.0000000000000000  0.0000000000000000  0.0000000000000000  0.0000000000000000
  0.0000000000000000  0.0000453999297625  0.0000000000000000  0.0000000000000000  0.0000000000000000  0.0000000000000000  0.0000000000000000  0.0000000000000000  0.0000000000000000  0.0000000000000000  0.0000000000000000  0.0000000000000000
  0.0000000000000000  0.0000000000000000  0.0000453999297625  0.0000000000000000  0.0000000000000000  0.0000000000000000  0.0000000000000000  0.0000000000000000  0.0000000000000000  0.0000000000000000  0.0000000000000000  0.0000000000000000
  0.0000000000000000  0.0000000000000000  0.0000000000000000  0.0000453999297625  0.0000000000000000  0.0000000000000000  0.0000000000000000  0.0000000000000000  0.0000000000000000  0.0000000000000000  0.0000000000000000  0.0000000000000000
  0.0000000000000000  0.0000000000000000  0.0000000000000000  0.0000000000000000  0.0000453999297625  0.0000000000000000  0.0000000000000000  0.0000000000000000  0.0000000000000000  0.0000000000000000  0.0000000000000000  0.0000000000000000
  0.0000000000000000  0.0000000000000000  0.0000000000000000  0.0000000000000000  0.0000000000000000  0.0000453999297625  0.0000000000000000  0.0000000000000000  0.0000000000000000  0.0000000000000000  0.0000000000000000  0.0000000000000000
  0.0000000000000000  0.0000000000000000  0.0000000000000000  0.0000000000000000  0.0000000000000000  0.0000000000000000  0.0000453999297625  0.0000000000000000  0.0000000000000000  0.0000000000000000  0.0000000000000000  0.0000000000000000
  0.0000000000000000  0.0000000000000000  0.0000000000000000  0.0000000000000000  0.0000000000000000  0.0000000000000000  0.0000000000000000  0.0000453999297625  0.0000000000000000  0.0000000000000000  0.0000000000000000  0.0000000000000000
  0.0000000000000000  0.0000000000000000  0.0000000000000000  0.0000000000000000  0.0000000000000000  0.0000000000000000  0.0000000000000000  0.0000000000000000  0.0000453999297625  0.0000000000000000  0.0000000000000000  0.0000000000000000
  0.0000000000000000  0.0000000000000000  0.0000000000000000  0.0000000000000000  0.0000000000000000  0.0000000000000000  0.0000000000000000  0.0000000000000000  0.0000000000000000  0.0000453999297625  0.0000000000000000  0.0000000000000000
  0.0000000000000000  0.0000000000000000  0.0000000000000000  0.0000000000000000  0.0000000000000000  0.0000000000000000  0.0000000000000000  0.0000000000000000  0.0000000000000000  0.0000000000000000  0.0000453999297625  0.0000000000000000
  0.0000000000000000  0.0000000000000000  0.0000000000000000  0.0000000000000000  0.0000000000000000  0.0000000000000000  0.0000000000000000  0.0000000000000000  0.0000000000000000  0.0000000000000000  0.0000000000000000  0.0000453999297625



  0.0000453999297625  0.0000000000000000  0.0000000000000000  0.0000000000000000  0.0000000000000000  0.0000000000000000  0.0000000000000000  0.0000000000000000  0.0000000000000000  0.0000000000000000  0.0000000000000000  0.0000000000000000
  0.0000000000000000  0.0000453999297625  0.0000000000000000  0.0000000000000000  0.0000000000000000  0.0000000000000000  0.0000000000000000  0.0000000000000000  0.0000000000000000  0.0000000000000000  0.0000000000000000  0.0000000000000000
  0.0000000000000000  0.0000000000000000  0.0000453999297625  0.0000000000000000  0.0000000000000000  0.0000000000000000  0.0000000000000000  0.0000000000000000  0.0000000000000000  0.0000000000000000  0.0000000000000000  0.0000000000000000
  0.0000000000000000  0.0000000000000000  0.0000000000000000  0.0000453999297625  0.0000000000000000  0.0000000000000000  0.0000000000000000  0.0000000000000000  0.0000000000000000  0.0000000000000000  0.0000000000000000  0.0000000000000000
  0.0000000000000000  0.0000000000000000  0.0000000000000000  0.0000000000000000  0.0000453999297625  0.0000000000000000  0.0000000000000000  0.0000000000000000  0.0000000000000000  0.0000000000000000  0.0000000000000000  0.0000000000000000
  0.0000000000000000  0.0000000000000000  0.0000000000000000  0.0000000000000000  0.0000000000000000  0.0000453999297625  0.0000000000000000  0.0000000000000000  0.0000000000000000  0.0000000000000000  0.0000000000000000  0.0000000000000000
  0.0000000000000000  0.0000000000000000  0.0000000000000000  0.0000000000000000  0.0000000000000000  0.0000000000000000  0.0000453999297625  0.0000000000000000  0.0000000000000000  0.0000000000000000  0.0000000000000000  0.0000000000000000
  0.0000000000000000  0.0000000000000000  0.0000000000000000  0.0000000000000000  0.0000000000000000  0.0000000000000000  0.0000000000000000  0.0000453999297625  0.0000000000000000  0.0000000000000000  0.0000000000000000  0.0000000000000000
  0.0000000000000000  0.0000000000000000  0.0000000000000000  0.0000000000000000  0.0000000000000000  0.0000000000000000  0.0000000000000000  0.0000000000000000  0.0000453999297625  0.0000000000000000  0.0000000000000000  0.0000000000000000
  0.0000000000000000  0.0000000000000000  0.0000000000000000  0.0000000000000000  0.0000000000000000  0.0000000000000000  0.0000000000000000  0.0000000000000000  0.0000000000000000  0.0000453999297625  0.0000000000000000  0.0000000000000000
  0.0000000000000000  0.0000000000000000  0.0000000000000000  0.0000000000000000  0.0000000000000000  0.0000000000000000  0.0000000000000000  0.0000000000000000  0.0000000000000000  0.0000000000000000  0.0000453999297625  0.0000000000000000
  0.0000000000000000  0.0000000000000000  0.0000000000000000  0.0000000000000000  0.0000000000000000  0.0000000000000000  0.0000000000000000  0.0000000000000000  0.0000000000000000  0.0000000000000000  0.0000000000000000  0.0000453999297625



  0.0000453999297625  0.0000000000000000  0.0000000000000000  0.0000000000000000  0.0000000000000000  0.0000000000000000  0.0000000000000000  0.0000000000000000  0.0000000000000000  0.0000000000000000  0.0000000000000000  0.0000000000000000
  0.0000000000000000  0.0000453999297625  0.0000000000000000  0.0000000000000000  0.0000000000000000  0.0000000000000000  0.0000000000000000  0.0000000000000000  0.0000000000000000  0.0000000000000000  0.0000000000000000  0.0000000000000000
  0.0000000000000000  0.0000000000000000  0.0000453999297625  0.0000000000000000  0.0000000000000000  0.0000000000000000  0.0000000000000000  0.0000000000000000  0.0000000000000000  0.0000000000000000  0.0000000000000000  0.0000000000000000
  0.0000000000000000  0.0000000000000000  0.0000000000000000  0.0000453999297625  0.0000000000000000  0.0000000000000000  0.0000000000000000  0.0000000000000000  0.0000000000000000  0.0000000000000000  0.0000000000000000  0.0000000000000000
  0.0000000000000000  0.0000000000000000  0.0000000000000000  0.0000000000000000  0.0000453999297625  0.0000000000000000  0.0000000000000000  0.0000000000000000  0.0000000000000000  0.0000000000000000  0.0000000000000000  0.0000000000000000
  0.0000000000000000  0.0000000000000000  0.0000000000000000  0.0000000000000000  0.0000000000000000  0.0000453999297625  0.0000000000000000  0.0000000000000000  0.0000000000000000  0.0000000000000000  0.0000000000000000  0.0000000000000000
  0.0000000000000000  0.0000000000000000  0.0000000000000000  0.0000000000000000  0.0000000000000000  0.0000000000000000  0.0000453999297625  0.0000000000000000  0.0000000000000000  0.0000000000000000  0.0000000000000000  0.0000000000000000
  0.0000000000000000  0.0000000000000000  0.0000000000000000  0.0000000000000000  0.0000000000000000  0.0000000000000000  0.0000000000000000  0.0000453999297625  0.0000000000000000  0.0000000000000000  0.0000000000000000  0.0000000000000000
  0.0000000000000000  0.0000000000000000  0.0000000000000000  0.0000000000000000  0.0000000000000000  0.0000000000000000  0.0000000000000000  0.0000000000000000  0.0000453999297625  0.0000000000000000  0.0000000000000000  0.0000000000000000
  0.0000000000000000  0.0000000000000000  0.0000000000000000  0.0000000000000000  0.0000000000000000  0.0000000000000000  0.0000000000000000  0.0000000000000000  0.0000000000000000  0.0000453999297625  0.0000000000000000  0.0000000000000000
  0.0000000000000000  0.0000000000000000  0.0000000000000000  0.0000000000000000  0.0000000000000000  0.0000000000000000  0.0000000000000000  0.0000000000000000  0.0000000000000000  0.0000000000000000  0.0000453999297625  0.0000000000000000
  0.0000000000000000  0.0000000000000000  0.0000000000000000  0.0000000000000000  0.0000000000000000  0.0000000000000000  0.0000000000000000  0.0000000000000000  0.0000000000000000  0.0000000000000000  0.0000000000000000  0.0000453999297625



  0.0000453999297625  0.0000000000000000  0.0000000000000000  0.0000000000000000  0.0000000000000000  0.0000000000000000  0.0000000000000000  0.0000000000000000  0.0000000000000000  0.0000000000000000  0.0000000000000000  0.0000000000000000
  0.0000000000000000  0.0000453999297625  0.0000000000000000  0.0000000000000000  0.0000000000000000  0.0000000000000000  0.0000000000000000  0.0000000000000000  0.0000000000000000  0.0000000000000000  0.0000000000000000  0.0000000000000000
  0.0000000000000000  0.0000000000000000  0.0000453999297625  0.0000000000000000  0.0000000000000000  0.0000000000000000  0.0000000000000000  0.0000000000000000  0.0000000000000000  0.0000000000000000  0.0000000000000000  0.0000000000000000
  0.0000000000000000  0.0000000000000000  0.0000000000000000  0.0000453999297625  0.0000000000000000  0.0000000000000000  0.0000000000000000  0.0000000000000000  0.0000000000000000  0.0000000000000000  0.0000000000000000  0.0000000000000000
  0.0000000000000000  0.0000000000000000  0.0000000000000000  0.0000000000000000  0.0000453999297625  0.0000000000000000  0.0000000000000000  0.0000000000000000  0.0000000000000000  0.0000000000000000  0.0000000000000000  0.0000000000000000
  0.0000000000000000  0.0000000000000000  0.0000000000000000  0.0000000000000000  0.0000000000000000  0.0000453999297625  0.0000000000000000  0.0000000000000000  0.0000000000000000  0.0000000000000000  0.0000000000000000  0.0000000000000000
  0.0000000000000000  0.0000000000000000  0.0000000000000000  0.0000000000000000  0.0000000000000000  0.0000000000000000  0.0000453999297625  0.0000000000000000  0.0000000000000000  0.0000000000000000  0.0000000000000000  0.0000000000000000
  0.0000000000000000  0.0000000000000000  0.0000000000000000  0.0000000000000000  0.0000000000000000  0.0000000000000000  0.0000000000000000  0.0000453999297625  0.0000000000000000  0.0000000000000000  0.0000000000000000  0.0000000000000000
  0.0000000000000000  0.0000000000000000  0.0000000000000000  0.0000000000000000  0.0000000000000000  0.0000000000000000  0.0000000000000000  0.0000000000000000  0.0000453999297625  0.0000000000000000  0.0000000000000000  0.0000000000000000
  0.0000000000000000  0.0000000000000000  0.0000000000000000  0.0000000000000000  0.0000000000000000  0.0000000000000000  0.0000000000000000  0.0000000000000000  0.0000000000000000  0.0000453999297625  0.0000000000000000  0.0000000000000000
  0.0000000000000000  0.0000000000000000  0.0000000000000000  0.0000000000000000  0.0000000000000000  0.0000000000000000  0.0000000000000000  0.0000000000000000  0.0000000000000000  0.0000000000000000  0.0000453999297625  0.0000000000000000
  0.0000000000000000  0.0000000000000000  0.0000000000000000  0.0000000000000000  0.0000000000000000  0.0000000000000000  0.0000000000000000  0.0000000000000000  0.0000000000000000  0.0000000000000000  0.0000000000000000  0.0000453999297625



  0.0000453999297625  0.0000000000000000  0.0000000000000000  0.0000000000000000  0.0000000000000000  0.0000000000000000  0.0000000000000000  0.0000000000000000  0.0000000000000000  0.0000000000000000  0.0000000000000000  0.0000000000000000
  0.0000000000000000  0.0000453999297625  0.0000000000000000  0.0000000000000000  0.0000000000000000  0.0000000000000000  0.0000000000000000  0.0000000000000000  0.0000000000000000  0.0000000000000000  0.0000000000000000  0.0000000000000000
  0.0000000000000000  0.0000000000000000  0.0000453999297625  0.0000000000000000  0.0000000000000000  0.0000000000000000  0.0000000000000000  0.0000000000000000  0.0000000000000000  0.0000000000000000  0.0000000000000000  0.0000000000000000
  0.0000000000000000  0.0000000000000000  0.0000000000000000  0.0000453999297625  0.0000000000000000  0.0000000000000000  0.0000000000000000  0.0000000000000000  0.0000000000000000  0.0000000000000000  0.0000000000000000  0.0000000000000000
  0.0000000000000000  0.0000000000000000  0.0000000000000000  0.0000000000000000  0.0000453999297625  0.0000000000000000  0.0000000000000000  0.0000000000000000  0.0000000000000000  0.0000000000000000  0.0000000000000000  0.0000000000000000
  0.0000000000000000  0.0000000000000000  0.0000000000000000  0.0000000000000000  0.0000000000000000  0.0000453999297625  0.0000000000000000  0.0000000000000000  0.0000000000000000  0.0000000000000000  0.0000000000000000  0.0000000000000000
  0.0000000000000000  0.0000000000000000  0.0000000000000000  0.0000000000000000  0.0000000000000000  0.0000000000000000  0.0000453999297625  0.0000000000000000  0.0000000000000000  0.0000000000000000  0.0000000000000000  0.0000000000000000
  0.0000000000000000  0.0000000000000000  0.0000000000000000  0.0000000000000000  0.0000000000000000  0.0000000000000000  0.0000000000000000  0.0000453999297625  0.0000000000000000  0.0000000000000000  0.0000000000000000  0.0000000000000000
  0.0000000000000000  0.0000000000000000  0.0000000000000000  0.0000000000000000  0.0000000000000000  0.0000000000000000  0.0000000000000000  0.0000000000000000  0.0000453999297625  0.0000000000000000  0.0000000000000000  0.0000000000000000
  0.0000000000000000  0.0000000000000000  0.0000000000000000  0.0000000000000000  0.0000000000000000  0.0000000000000000  0.0000000000000000  0.0000000000000000  0.0000000000000000  0.0000453999297625  0.0000000000000000  0.0000000000000000
  0.0000000000000000  0.0000000000000000  0.0000000000000000  0.0000000000000000  0.0000000000000000  0.0000000000000000  0.0000000000000000  0.0000000000000000  0.0000000000000000  0.0000000000000000  0.0000453999297625  0.0000000000000000
  0.0000000000000000  0.0000000000000000  0.0000000000000000  0.0000000000000000  0.0000000000000000  0.0000000000000000  0.0000000000000000  0.0000000000000000  0.0000000000000000  0.0000000000000000  0.0000000000000000  0.0000453999297625



  0.0000456059068183 -0.0000002711055829 -0.0000001283426425 -0.0000000998162397 -0.0000001157069856  0.0000002057410208  0.0000002827427433 -0.0000000805472458 -0.0000001377030857  0.0000000088691416 -0.0000001958747981  0.0000003107030683
 -0.0000002711055829  0.0000457567570644  0.0000001689237026  0.0000001313774476  0.0000001522927380 -0.0000002707949152 -0.0000003721440523  0.0000001060157304  0.0000001812438534 -0.0000000116735032  0.0000002578090609 -0.0000004089452396
 -0.0000001283426425  0.0000001689237026  0.0000454798990281  0.0000000621946941  0.0000000720960897 -0.0000001281955710 -0.0000001761747234  0.0000000501883393  0.0000000858016823 -0.0000000055262906  0.0000001220480072 -0.0000001935965764
 -0.0000000998162397  0.0000001313774476  0.0000000621946941  0.0000454483005952  0.0000000560714696 -0.0000000997018574 -0.0000001370168019  0.0000000390331009  0.0000000667307539 -0.0000000042979756  0.0000000949206975 -0.0000001505663426
 -0.0000001157069856  0.0000001522927380  0.0000000720960897  0.0000000560714696  0.0000454649278103 -0.0000001155743937 -0.0000001588298775  0.0000000452471707  0.0000000773542902 -0.0000000049822134  0.0000001100320730 -0.0000001745365051
  0.0000002057410208 -0.0000002707949152 -0.0000001281955710 -0.0000000997018574 -0.0000001155743937  0.0000456054350187  0.0000002824187403 -0.0000000804549444 -0.0000001375452878  0.0000000088589782 -0.0000001956503396  0.0000003103470247
  0.0000002827427433 -0.0000003721440523 -0.0000001761747234 -0.0000001370168019 -0.0000001588298775  0.0000002824187403  0.0000457880480341 -0.0000001105664373 -0.0000001890237146  0.0000000121745863 -0.0000002688754704  0.0000004264991435
 -0.0000000805472458  0.0000001060157304  0.0000000501883393  0.0000000390331009  0.0000000452471707 -0.0000000804549444 -0.0000001105664373  0.0000454314277309  0.0000000538487369 -0.0000000034682743  0.0000000765967619 -0.0000001215003113
 -0.0000001377030857  0.0000001812438534  0.0000000858016823  0.0000000667307539  0.0000000773542902 -0.0000001375452878 -0.0000001890237146  0.0000000538487369  0.0000454919892384 -0.0000000059293408  0.0000001309493623 -0.0000002077161996
  0.0000000088691416 -0.0000000116735032 -0.0000000055262906 -0.0000000042979756 -0.0000000049822134  0.0000000088589782  0.0000000121745863 -0.0000000034682743 -0.0000000059293408  0.0000454003116578 -0.0000000084341497  0.0000000133785266
 -0.0000001958747981  0.0000002578090609  0.0000001220480072  0.0000000949206975  0.0000001100320730 -0.0000001956503396 -0.0000002688754704  0.0000000765967619  0.0000001309493623 -0.0000000084341497  0.0000455861977737 -0.0000002954644659
  0.0000003107030683 -0.0000004089452396 -0.0000001935965764 -0.0000001505663426 -0.0000001745365051  0.0000003103470247  0.0000004264991435 -0.0000001215003113 -0.0000002077161996  0.0000000133785266 -0.0000002954644659  0.0000458686052481



  0.0448821846343621  0.1222610464889189  0.0536893309609961  0.1409291692439391  0.1895083596726288  0.0929868132562736  0.2385958011756479 -0.0502927239619824  0.1632829004729351 -0.0244221886746586  0.0907147074788595  0.2258706457620991
  0.1222610464889189  1.1165585769564141  0.3424996595626040  0.0975102021543238  0.9595500073703909  0.3315142038732293  1.0736926743613990  0.5909157959799515 -0.0563918120732411 -0.3462811536083814  0.0270239541051130  1.6400111623401075
  0.0536893309609961  0.3424996595626040  0.1134392638089955  0.0969442542717814  0.3378033272209970  0.1308669743225527  0.3916473240372944  0.1220853741646627  0.0699105761438729 -0.0992788288935085  0.0534520057178368  0.5269070660227761
  0.1409291692439391  0.0975102021543238  0.0969442542717814  0.5480230050850292  0.4335062626284561  0.2637250316309119  0.5950132142222448 -0.4246849922344704  0.6969173848173436  0.0256559345239526  0.3658162926084163  0.3349287715290644
  0.1895083596726288  0.9595500073703909  0.3378033272209970  0.4335062626284561  1.0513934649592074  0.4370993209482844  1.2476784573935742  0.1990877582996224  0.4065031455930619 -0.2613639117787563  0.2588342143336569  1.5337212573403902
  0.0929868132562736  0.3315142038732293  0.1308669743225527  0.2637250316309119  0.4370993209482844  0.2006507051810582  0.5369395942155242 -0.0318270396463807  0.2886962759901802 -0.0784907407712691  0.1661991753958628  0.5703777917657848
  0.2385958011756479  1.0736926743613990  0.3916473240372944  0.5950132142222448  1.2476784573935742  0.5369395942155242  1.4982913412175200  0.1257041914296039  0.5978903160328509 -0.2810625163588545  0.3636941653974640  1.7552313897685639
 -0.0502927239619824  0.5909157959799515  0.1220853741646627 -0.4246849922344704  0.1990877582996224 -0.0318270396463807  0.1257041914296039  0.7333082810307874 -0.6495042802178045 -0.2326224172824250 -0.3065941592232784  0.6987259190550589
  0.1632829004729351 -0.0563918120732411  0.0699105761438729  0.6969173848173436  0.4065031455930619  0.2886962759901802  0.5978903160328509 -0.6495042802178045  0.9159941209532964  0.0902135632698161  0.4714934636888807  0.1665693586211914
 -0.0244221886746586 -0.3462811536083814 -0.0992788288935085  0.0256559345239526 -0.2613639117787563 -0.0784907407712691 -0.2810625163588545 -0.2326224172824250  0.0902135632698161  0.1132349205540526  0.0292794682725757 -0.4887779273359729
  0.0907147074788595  0.0270239541051130  0.0534520057178368  0.3658162926084163  0.2588342143336569  0.1661991753958628  0.3636941653974640 -0.3065941592232784  0.4714934636888807  0.0292794682725757  0.2455739798982987  0.1688497429650702
  0.2258706457620991  1.6400111623401075  0.5269070660227761  0.3349287715290644  1.5337212573403902  0.5703777917657848  1.7552313897685639  0.6987259190550589  0.1665693586211914 -0.4887779273359729  0.1688497429650702  2.4771271001629120



  0.0000453999297625  0.0000000000000000  0.0000000000000000  0.0000000000000000  0.0000000000000000  0.0000000000000000  0.0000000000000000  0.0000000000000000  0.0000000000000000  0.0000000000000000  0.0000000000000000  0.0000000000000000
  0.0000000000000000  0.0000453999297625  0.0000000000000000  0.0000000000000000  0.0000000000000000  0.0000000000000000  0.0000000000000000  0.0000000000000000  0.0000000000000000  0.0000000000000000  0.0000000000000000  0.0000000000000000
  0.0000000000000000  0.0000000000000000  0.0000453999297625  0.0000000000000000  0.0000000000000000  0.0000000000000000  0.0000000000000000  0.0000000000000000  0.0000000000000000  0.0000000000000000  0.0000000000000000  0.0000000000000000
  0.0000000000000000  0.0000000000000000  0.0000000000000000  0.0000453999297625  0.0000000000000000  0.0000000000000000  0.0000000000000000  0.0000000000000000  0.0000000000000000  0.0000000000000000  0.0000000000000000  0.0000000000000000
  0.0000000000000000  0.0000000000000000  0.0000000000000000  0.0000000000000000  0.0000453999297625  0.0000000000000000  0.0000000000000000  0.0000000000000000  0.0000000000000000  0.0000000000000000  0.0000000000000000  0.0000000000000000
  0.0000000000000000  0.0000000000000000  0.0000000000000000  0.0000000000000000  0.0000000000000000  0.0000453999297625  0.0000000000000000  0.0000000000000000  0.0000000000000000  0.0000000000000000  0.0000000000000000  0.0000000000000000
  0.0000000000000000  0.0000000000000000  0.0000000000000000  0.0000000000000000  0.0000000000000000  0.0000000000000000  0.0000453999297625  0.0000000000000000  0.0000000000000000  0.0000000000000000  0.0000000000000000  0.0000000000000000
  0.0000000000000000  0.0000000000000000  0.0000000000000000  0.0000000000000000  0.0000000000000000  0.0000000000000000  0.0000000000000000  0.0000453999297625  0.0000000000000000  0.0000000000000000  0.0000000000000000  0.0000000000000000
  0.0000000000000000  0.0000000000000000  0.0000000000000000  0.0000000000000000  0.0000000000000000  0.0000000000000000  0.0000000000000000  0.0000000000000000  0.0000453999297625  0.0000000000000000  0.0000000000000000  0.0000000000000000
  0.0000000000000000  0.0000000000000000  0.0000000000000000  0.0000000000000000  0.0000000000000000  0.0000000000000000  0.0000000000000000  0.0000000000000000  0.0000000000000000  0.0000453999297625  0.0000000000000000  0.0000000000000000
  0.0000000000000000  0.0000000000000000  0.0000000000000000  0.0000000000000000  0.0000000000000000  0.0000000000000000  0.0000000000000000  0.0000000000000000  0.0000000000000000  0.0000000000000000  0.0000453999297625  0.0000000000000000
  0.0000000000000000  0.0000000000000000  0.0000000000000000  0.0000000000000000  0.0000000000000000  0.0000000000000000  0.0000000000000000  0.0000000000000000  0.0000000000000000  0.0000000000000000  0.0000000000000000  0.0000453999297625



  0.0000454421914380 -0.0000000171348994  0.0000000689313251 -0.0000001081652813 -0.0000002230912221  0.0000000069596857 -0.0000000049759856  0.0000000377815727  0.0000000481062923  0.0000000437990995  0.0000000024386261 -0.0000000190876879
 -0.0000000171348994  0.0000454068770681 -0.0000000279480476  0.0000000438553651  0.0000000904518240 -0.0000000028217886  0.0000000020175019 -0.0000000153184519 -0.0000000195045858 -0.0000000177582444 -0.0000000009887353  0.0000000077390593
  0.0000000689313251 -0.0000000279480476  0.0000455123608839 -0.0000001764240549 -0.0000003638751504  0.0000000113516644 -0.0000000081161307  0.0000000616240088  0.0000000784642452  0.0000000714389556  0.0000000039775452 -0.0000000311331627
 -0.0000001081652813  0.0000000438553651 -0.0000001764240549  0.0000456767699003  0.0000005709836271 -0.0000000178127430  0.0000000127356258 -0.0000000966988266 -0.0000001231240970 -0.0000001121001913 -0.0000000062414628  0.0000000488533667
 -0.0000002230912221  0.0000000904518240 -0.0000003638751504  0.0000005709836271  0.0000465775852318 -0.0000000367388367  0.0000000262672669 -0.0000001994416243 -0.0000002539438250 -0.0000002312069858 -0.0000000128730360  0.0000001007602175
  0.0000000069596857 -0.0000000028217886  0.0000000113516644 -0.0000000178127430 -0.0000000367388367  0.0000454010758890 -0.0000000008194492  0.0000000062218989  0.0000000079221818  0.0000000072128699  0.0000000004015948 -0.0000000031433753
 -0.0000000049759856  0.0000000020175019 -0.0000000081161307  0.0000000127356258  0.0000000262672669 -0.0000000008194492  0.0000454005156463 -0.0000000044484881 -0.0000000056641441 -0.0000000051570054 -0.0000000002871294  0.0000000022474277
  0.0000000377815727 -0.0000000153184519  0.0000000616240088 -0.0000000966988266 -0.0000001994416243  0.0000000062218989 -0.0000000044484881  0.0000454337061619  0.0000000430066095  0.0000000391560163  0.0000000021801106 -0.0000000170642280
  0.0000000481062923 -0.0000000195045858  0.0000000784642452 -0.0000001231240970 -0.0000002539438250  0.0000000079221818 -0.0000000056641441  0.0000000430066095  0.0000454546889581  0.0000000498563356  0.0000000027758781 -0.0000000217274370
  0.0000000437990995 -0.0000000177582444  0.0000000714389556 -0.0000001121001913 -0.0000002312069858  0.0000000072128699 -0.0000000051570054  0.0000000391560163  0.0000000498563356  0.0000454453222153  0.0000000025273401 -0.0000000197820728
  0.0000000024386261 -0.0000000009887353  0.0000000039775452 -0.0000000062414628 -0.0000000128730360  0.0000000004015948 -0.0000000002871294  0.0000000021801106  0.0000000027758781  0.0000000025273401  0.0000454000704786 -0.0000000011014171
 -0.0000000190876879  0.0000000077390593 -0.0000000311331627  0.0000000488533667  0.0000001007602175 -0.0000000031433753  0.0000000022474277 -0.0000000170642280 -0.0000000217274370 -0.0000000197820728 -0.0000000011014171  0.0000454085508080



  0.3196827671985022 -0.5945797633891574  0.0748883870633459  0.1908201728303676  0.4572469411715394  0.4297525279984005  0.0968660618046778  0.4977510471124877 -0.1400519773192000  0.0232337186750768 -0.6147129144184826  0.2068291315593845
 -0.5945797633891574  1.1060646931833724 -0.1393051126654515 -0.3549579142772448 -0.8505569308410480 -0.7994126550280610 -0.1801873185050757 -0.9259014437613248  0.2605204524119417 -0.0432186607564698  1.1434703719132022 -0.3847372951269908
  0.0748883870633459 -0.1393051126654515  0.0175911285941002  0.0447075856136070  0.1071291701818368  0.1006874569549358  0.0226949157801850  0.1166189466340117 -0.0328130180051300  0.0054434678057618 -0.1440221431523857  0.0484583520148323
  0.1908201728303676 -0.3549579142772448  0.0447075856136070  0.1139630518932283  0.2729716524896676  0.2565577747295514  0.0578280280969618  0.2971521810712263 -0.0836095690126152  0.0138702876059091 -0.3669771953501773  0.1234748332704718
  0.4572469411715394 -0.8505569308410480  0.1071291701818368  0.2729716524896676  0.6541452850595803  0.6147686378675175  0.1385686249545688  0.7120417293331858 -0.2003468455061690  0.0332362479788347 -0.8793577616031274  0.2958727527974516
  0.4297525279984005 -0.7994126550280610  0.1006874569549358  0.2565577747295514  0.6147686378675175  0.5778477917442260  0.1302364466735066  0.6692264194262498 -0.1882999219319541  0.0312377411299289 -0.8264816821143115  0.2780818241335952
  0.0968660618046778 -0.1801873185050757  0.0226949157801850  0.0578280280969618  0.1385686249545688  0.1302364466735066  0.0294006471362633  0.1508433888603756 -0.0424427331848691  0.0070409753843686 -0.1862886672433447  0.0626795409181087
  0.4977510471124877 -0.9259014437613248  0.1166189466340117  0.2971521810712263  0.7120417293331858  0.6692264194262498  0.1508433888603756  0.7751616106471482 -0.2180940825107984  0.0361803999426255 -0.9572535259766939  0.3220819195410193
 -0.1400519773192000  0.2605204524119417 -0.0328130180051300 -0.0836095690126152 -0.2003468455061690 -0.1882999219319541 -0.0424427331848691 -0.2180940825107984  0.0614104290686663 -0.0101800621006100  0.2693419729668373 -0.0906240377640233
  0.0232337186750768 -0.0432186607564698  0.0054434678057618  0.0138702876059091  0.0332362479788347  0.0312377411299289  0.0070409753843686  0.0361803999426255 -0.0101800621006100  0.0017342065258576 -0.0446820940300621  0.0150339426757095
 -0.6147129144184826  1.1434703719132022 -0.1440221431523857 -0.3669771953501773 -0.8793577616031274 -0.8264816821143115 -0.1862886672433447 -0.9572535259766939  0.2693419729668373 -0.0446820940300621  1.1822349868918505 -0.3977649401062857
  0.2068291315593845 -0.3847372951269908  0.0484583520148323  0.1234748332704718  0.2958727527974516  0.2780818241335952  0.0626795409181087  0.3220819195410193 -0.0906240377640233  0.0150339426757095 -0.3977649401062857  0.1338792192580364



  0.0000453999297625  0.0000000000000000  0.0000000000000000  0.0000000000000000  0.0000000000000000  0.0000000000000000  0.0000000000000000  0.0000000000000000  0.0000000000000000  0.0000000000000000  0.0000000000000000  0.0000000000000000
  0.0000000000000000  0.0000453999297625  0.0000000000000000  0.0000000000000000  0.0000000000000000  0.0000000000000000  0.0000000000000000  0.0000000000000000  0.0000000000000000  0.0000000000000000  0.0000000000000000  0.0000000000000000
  0.0000000000000000  0.0000000000000000  0.0000453999297625  0.0000000000000000  0.0000000000000000  0.0000000000000000  0.0000000000000000  0.0000000000000000  0.0000000000000000  0.0000000000000000  0.0000000000000000  0.0000000000000000
  0.0000000000000000  0.0000000000000000  0.0000000000000000  0.0000453999297625  0.0000000000000000  0.0000000000000000  0.0000000000000000  0.0000000000000000  0.0000000000000000  0.0000000000000000  0.0000000000000000  0.0000000000000000
  0.0000000000000000  0.0000000000000000  0.0000000000000000  0.0000000000000000  0.0000453999297625  0.0000000000000000  0.0000000000000000  0.0000000000000000  0.0000000000000000  0.0000000000000000  0.0000000000000000  0.0000000000000000
  0.0000000000000000  0.0000000000000000  0.0000000000000000  0.0000000000000000  0.0000000000000000  0.0000453999297625  0.0000000000000000  0.0000000000000000  0.0000000000000000  0.0000000000000000  0.0000000000000000  0.0000000000000000
  0.0000000000000000  0.0000000000000000  0.0000000000000000  0.0000000000000000  0.0000000000000000  0.0000000000000000  0.0000453999297625  0.0000000000000000  0.0000000000000000  0.0000000000000000  0.0000000000000000  0.0000000000000000
  0.0000000000000000  0.0000000000000000  0.0000000000000000  0.0000000000000000  0.0000000000000000  0.0000000000000000  0.0000000000000000  0.0000453999297625  0.0000000000000000  0.0000000000000000  0.0000000000000000  0.0000000000000000
  0.0000000000000000  0.0000000000000000  0.0000000000000000  0.0000000000000000  0.0000000000000000  0.0000000000000000  0.0000000000000000  0.0000000000000000  0.0000453999297625  0.0000000000000000  0.0000000000000000  0.0000000000000000
  0.0000000000000000  0.0000000000000000  0.0000000000000000  0.0000000000000000  0.0000000000000000  0.0000000000000000  0.0000000000000000  0.0000000000000000  0.0000000000000000  0.0000453999297625  0.0000000000000000  0.0000000000000000
  0.0000000000000000  0.0000000000000000  0.0000000000000000  0.0000000000000000  0.0000000000000000  0.0000000000000000  0.0000000000000000  0.0000000000000000  0.0000000000000000  0.0000000000000000  0.0000453999297625  0.0000000000000000
  0.0000000000000000  0.0000000000000000  0.0000000000000000  0.0000000000000000  0.0000000000000000  0.0000000000000000  0.0000000000000000  0.0000000000000000  0.0000000000000000  0.0000000000000000  0.0000000000000000  0.0000453999297625



  0.0000453999297625  0.0000000000000000  0.0000000000000000  0.0000000000000000  0.0000000000000000  0.0000000000000000  0.0000000000000000  0.0000000000000000  0.0000000000000000  0.0000000000000000  0.0000000000000000  0.0000000000000000
  0.0000000000000000  0.0000453999297625  0.0000000000000000  0.0000000000000000  0.0000000000000000  0.0000000000000000  0.0000000000000000  0.0000000000000000  0.0000000000000000  0.0000000000000000  0.0000000000000000  0.0000000000000000
  0.0000000000000000  0.0000000000000000  0.0000453999297625  0.0000000000000000  0.0000000000000000  0.0000000000000000  0.0000000000000000  0.0000000000000000  0.0000000000000000  0.0000000000000000  0.0000000000000000  0.0000000000000000
  0.0000000000000000  0.0000000000000000  0.0000000000000000  0.0000453999297625  0.0000000000000000  0.0000000000000000  0.0000000000000000  0.0000000000000000  0.0000000000000000  0.0000000000000000  0.0000000000000000  0.0000000000000000
  0.0000000000000000  0.0000000000000000  0.0000000000000000  0.0000000000000000  0.0000453999297625  0.0000000000000000  0.0000000000000000  0.0000000000000000  0.0000000000000000  0.0000000000000000  0.0000000000000000  0.0000000000000000
  0.0000000000000000  0.0000000000000000  0.0000000000000000  0.0000000000000000  0.0000000000000000  0.0000453999297625  0.0000000000000000  0.0000000000000000  0.0000000000000000  0.0000000000000000  0.0000000000000000  0.0000000000000000
  0.0000000000000000  0.0000000000000000  0.0000000000000000  0.0000000000000000  0.0000000000000000  0.0000000000000000  0.0000453999297625  0.0000000000000000  0.0000000000000000  0.0000000000000000  0.0000000000000000  0.0000000000000000
  0.0000000000000000  0.0000000000000000  0.0000000000000000  0.0000000000000000  0.0000000000000000  0.0000000000000000  0.0000000000000000  0.0000453999297625  0.0000000000000000  0.0000000000000000  0.0000000000000000  0.0000000000000000
  0.0000000000000000  0.0000000000000000  0.0000000000000000  0.0000000000000000  0.0000000000000000  0.0000000000000000  0.0000000000000000  0.0000000000000000  0.0000453999297625  0.0000000000000000  0.0000000000000000  0.0000000000000000
  0.0000000000000000  0.0000000000000000  0.0000000000000000  0.0000000000000000  0.0000000000000000  0.0000000000000000  0.0000000000000000  0.0000000000000000  0.0000000000000000  0.0000453999297625  0.0000000000000000  0.0000000000000000
  0.0000000000000000  0.0000000000000000  0.0000000000000000  0.0000000000000000  0.0000000000000000  0.0000000000000000  0.0000000000000000  0.0000000000000000  0.0000000000000000  0.0000000000000000  0.0000453999297625  0.0000000000000000
  0.0000000000000000  0.0000000000000000  0.0000000000000000  0.0000000000000000  0.0000000000000000  0.0000000000000000  0.0000000000000000  0.0000000000000000  0.0000000000000000  0.0000000000000000  0.0000000000000000  0.0000453999297625



  0.0000453999297625  0.0000000000000000  0.0000000000000000  0.0000000000000000  0.0000000000000000  0.0000000000000000  0.0000000000000000  0.0000000000000000  0.0000000000000000  0.0000000000000000  0.0000000000000000  0.0000000000000000
  0.0000000000000000  0.0000453999297625  0.0000000000000000  0.0000000000000000  0.0000000000000000  0.0000000000000000  0.0000000000000000  0.0000000000000000  0.0000000000000000  0.0000000000000000  0.0000000000000000  0.0000000000000000
  0.0000000000000000  0.0000000000000000  0.0000453999297625  0.0000000000000000  0.0000000000000000  0.0000000000000000  0.0000000000000000  0.0000000000000000  0.0000000000000000  0.0000000000000000  0.0000000000000000  0.0000000000000000
  0.0000000000000000  0.0000000000000000  0.0000000000000000  0.0000453999297625  0.0000000000000000  0.0000000000000000  0.0000000000000000  0.0000000000000000  0.0000000000000000  0.0000000000000000  0.0000000000000000  0.0000000000000000
  0.0000000000000000  0.0000000000000000  0.0000000000000000  0.0000000000000000  0.0000453999297625  0.0000000000000000  0.0000000000000000  0.0000000000000000  0.0000000000000000  0.0000000000000000  0.0000000000000000  0.0000000000000000
  0.0000000000000000  0.0000000000000000  0.0000000000000000  0.0000000000000000  0.0000000000000000  0.0000453999297625  0.0000000000000000  0.0000000000000000  0.0000000000000000  0.0000000000000000  0.0000000000000000  0.0000000000000000
  0.0000000000000000  0.0000000000000000  0.0000000000000000  0.0000000000000000  0.0000000000000000  0.0000000000000000  0.0000453999297625  0.0000000000000000  0.0000000000000000  0.0000000000000000  0.0000000000000000  0.0000000000000000
  0.0000000000000000  0.0000000000000000  0.0000000000000000  0.0000000000000000  0.0000000000000000  0.0000000000000000  0.0000000000000000  0.0000453999297625  0.0000000000000000  0.0000000000000000  0.0000000000000000  0.0000000000000000
  0.0000000000000000  0.0000000000000000  0.0000000000000000  0.0000000000000000  0.0000000000000000  0.0000000000000000  0.0000000000000000  0.0000000000000000  0.0000453999297625  0.0000000000000000  0.0000000000000000  0.0000000000000000
