
  0.2782572737246604 -0.1060788243559354  0.3408823939506745 -0.0407398003642311 -0.4643084942310936  0.6331275733061058 -0.5461575705885764  0.3787541234994308 -0.1879930225135411 -0.0484122389945908 -0.1621515370663454  0.2840492829952873
 -0.1060788243559354  0.0423453981134757 -0.1278803541856191  0.0038583807790046  0.1900308948996926 -0.2324900171111028  0.2111778069562509 -0.1034439798213123  0.0944766091171474  0.0353560650301650  0.0931451568632379 -0.1039026321303717
  0.3408823939506745 -0.1278803541856191  0.4200813522022605 -0.0631074686750608 -0.5542170866046536  0.7858178691931185 -0.6658706313568536  0.5103609374684438 -0.2045846803814035 -0.0402275254461489 -0.1632944775368148  0.3530080031812948
 -0.0407398003642311  0.0038583807790046 -0.0631074686750608  0.0795563605963390 -0.0138724610573069 -0.1488625258734133  0.0614909147594410 -0.3135459594549631 -0.1160765718056376 -0.0993498508489387 -0.1735404271836401 -0.0693234923503623
 -0.4643084942310936  0.1900308948996926 -0.5542170866046536 -0.0138724610573069  0.8660529539922405 -0.9941266939345141  0.9320597980261277 -0.3448311824642822  0.4735889980867142  0.1992726323479961  0.4902130304440563 -0.4431855298710503
  0.6331275733061058 -0.2324900171111028  0.7858178691931185 -0.1488625258734133 -0.9941266939345141  1.4837261058039133 -1.2287790423819960  1.0589751186507395 -0.3181755468361091 -0.0289070267560113 -0.2183841946783161  0.6675824328838662
 -0.5461575705885764  0.2111778069562509 -0.6658706313568536  0.0614909147594410  0.9320597980261277 -1.2287790423819960  1.0768532521658116 -0.6786635869940753  0.4051437101892285  0.1217911593023886  0.3679065442203561 -0.5506474161829127
  0.3787541234994308 -0.1034439798213123  0.5103609374684438 -0.3135459594549631 -0.3448311824642822  1.0589751186507395 -0.6786635869940753  1.4213365181209470  0.2480048481802659  0.3076057393706557  0.4715569464621561  0.4840066995721844
 -0.1879930225135411  0.0944766091171474 -0.2045846803814035 -0.1160765718056376  0.4735889980867142 -0.3181755468361091  0.4051437101892285  0.2480048481802659  0.4074809020590608  0.2405471053689466  0.4947896053686592 -0.1377937416591556
 -0.0484122389945908  0.0353560650301650 -0.0402275254461489 -0.0993498508489387  0.1992726323479961 -0.0289070267560113  0.1217911593023886  0.3076057393706557  0.2405471053689466  0.1625146821376073  0.3137389386838395 -0.0092971106543744
 -0.1621515370663454  0.0931451568632379 -0.1632944775368148 -0.1735404271836401  0.4902130304440563 -0.2183841946783161  0.3679065442203561  0.4715569464621561  0.4947896053686592  0.3137389386838395  0.6237695778247250 -0.0911710750999010
  0.2840492829952873 -0.1039026321303717  0.3530080031812948 -0.0693234923503623 -0.4431855298710503  0.6675824328838662 -0.5506474161829127  0.4840066995721844 -0.1377937416591556 -0.0092971106543744 -0.0911710750999010  0.3005092453465664



  0.0000453999297625  0.0000000000000000  0.0000000000000000  0.0000000000000000  0.0000000000000000  0.0000000000000000  0.0000000000000000  0.0000000000000000  0.0000000000000000  0.0000000000000000  0.0000000000000000  0.0000000000000000
  0.0000000000000000  0.0000453999297625  0.0000000000000000  0.0000000000000000  0.0000000000000000  0.0000000000000000  0.0000000000000000  0.0000000000000000  0.0000000000000000  0.0000000000000000  0.0000000000000000  0.0000000000000000
  0.0000000000000000  0.0000000000000000  0.0000453999297625  0.0000000000000000  0.0000000000000000  0.0000000000000000  0.0000000000000000  0.0000000000000000  0.0000000000000000  0.0000000000000000  0.0000000000000000  0.0000000000000000
  0.0000000000000000  0.0000000000000000  0.0000000000000000  0.0000453999297625  0.0000000000000000  0.0000000000000000  0.0000000000000000  0.0000000000000000  0.0000000000000000  0.0000000000000000  0.0000000000000000  0.0000000000000000
  0.0000000000000000  0.0000000000000000  0.0000000000000000  0.0000000000000000  0.0000453999297625  0.0000000000000000  0.0000000000000000  0.0000000000000000  0.0000000000000000  0.0000000000000000  0.0000000000000000  0.0000000000000000
  0.0000000000000000  0.0000000000000000  0.0000000000000000  0.0000000000000000  0.0000000000000000  0.0000453999297625  0.0000000000000000  0.0000000000000000  0.0000000000000000  0.0000000000000000  0.0000000000000000  0.0000000000000000
  0.0000000000000000  0.0000000000000000  0.0000000000000000  0.0000000000000000  0.0000000000000000  0.0000000000000000  0.0000453999297625  0.0000000000000000  0.0000000000000000  0.0000000000000000  0.0000000000000000  0.0000000000000000
  0.0000000000000000  0.0000000000000000  0.0000000000000000  0.0000000000000000  0.0000000000000000  0.0000000000000000  0.0000000000000000  0.0000453999297625  0.0000000000000000  0.0000000000000000  0.0000000000000000  0.0000000000000000
  0.0000000000000000  0.0000000000000000  0.0000000000000000  0.0000000000000000  0.0000000000000000  0.0000000000000000  0.0000000000000000  0.0000000000000000  0.0000453999297625  0.0000000000000000  0.0000000000000000  0.0000000000000000
  0.0000000000000000  0.0000000000000000  0.0000000000000000  0.0000000000000000  0.0000000000000000  0.0000000000000000  0.0000000000000000  0.0000000000000000  0.0000000000000000  0.0000453999297625  0.0000000000000000  0.0000000000000000
  0.0000000000000000  0.0000000000000000  0.0000000000000000  0.0000000000000000  0.0000000000000000  0.0000000000000000  0.0000000000000000  0.0000000000000000  0.0000000000000000  0.0000000000000000  0.0000453999297625  0.0000000000000000
  0.0000000000000000  0.0000000000000000  0.0000000000000000  0.0000000000000000  0.0000000000000000  0.0000000000000000  0.0000000000000000  0.0000000000000000  0.0000000000000000  0.0000000000000000  0.0000000000000000  0.0000453999297625



  0.0000456080611118  0.0000000362496584 -0.0000002289397906 -0.0000000160747580  0.0000002835073923 -0.0000001457002808  0.0000002664481024  0.0000002847672001  0.0000005141173380  0.0000001024264017 -0.0000003608539394 -0.0000000201477722
  0.0000000362496584  0.0000454062432647 -0.0000000398738068 -0.0000000027996959  0.0000000493776942 -0.0000000253762128  0.0000000464065252  0.0000000495971115  0.0000000895423873  0.0000000178393216 -0.0000000628489273 -0.0000000035090815
 -0.0000002289397906 -0.0000000398738068  0.0000456517583693  0.0000000176818713 -0.0000003118517381  0.0000001602670232 -0.0000002930869040 -0.0000003132374982 -0.0000005655174778 -0.0000001126667321  0.0000003969311956  0.0000000221620950
 -0.0000000160747580 -0.0000000027996959  0.0000000176818713  0.0000454011712758 -0.0000000218963301  0.0000000112529744 -0.0000000205787777 -0.0000000219936297 -0.0000000397071937 -0.0000000079107719  0.0000000278700915  0.0000000015560874
  0.0000002835073923  0.0000000493776942 -0.0000003118517381 -0.0000000218963301  0.0000457861110935 -0.0000001984665300  0.0000003629439148  0.0000003878973859  0.0000007003080810  0.0000001395207505 -0.0000004915394038 -0.0000000274444113
 -0.0000001457002808 -0.0000000253762128  0.0000001602670232  0.0000000112529744 -0.0000001984665300  0.0000455019257948 -0.0000001865243438 -0.0000001993484459 -0.0000003599027286 -0.0000000717025837  0.0000002526122109  0.0000000141042475
  0.0000002664481024  0.0000000464065252 -0.0000002930869040 -0.0000000205787777  0.0000003629439148 -0.0000001865243438  0.0000457410345097  0.0000003645567107  0.0000006581689380  0.0000001311254670 -0.0000004619623508 -0.0000000257930181
  0.0000002847672001  0.0000000495971115 -0.0000003132374982 -0.0000000219936297  0.0000003878973859 -0.0000001993484459  0.0000003645567107  0.0000457895508288  0.0000007034200054  0.0000001401407320 -0.0000004937236332 -0.0000000275663646
  0.0000005141173380  0.0000000895423873 -0.0000005655174778 -0.0000000397071937  0.0000007003080810 -0.0000003599027286  0.0000006581689380  0.0000007034200054  0.0000466698808684  0.0000002530094057 -0.0000008913662807 -0.0000000497681826
  0.0000001024264017  0.0000000178393216 -0.0000001126667321 -0.0000000079107719  0.0000001395207505 -0.0000000717025837  0.0000001311254670  0.0000001401407320  0.0000002530094057  0.0000454503362380 -0.0000001775848313 -0.0000000099151993
 -0.0000003608539394 -0.0000000628489273  0.0000003969311956  0.0000000278700915 -0.0000004915394038  0.0000002526122109 -0.0000004619623508 -0.0000004937236332 -0.0000008913662807 -0.0000001775848313  0.0000460255710510  0.0000000349318014
 -0.0000000201477722 -0.0000000035090815  0.0000000221620950  0.0000000015560874 -0.0000000274444113  0.0000000141042475 -0.0000000257930181 -0.0000000275663646 -0.0000000497681826 -0.0000000099151993  0.0000000349318014  0.0000454018801305



  0.0000453999297625  0.0000000000000000  0.0000000000000000  0.0000000000000000  0.0000000000000000  0.0000000000000000  0.0000000000000000  0.0000000000000000  0.0000000000000000  0.0000000000000000  0.0000000000000000  0.0000000000000000
  0.0000000000000000  0.0000453999297625  0.0000000000000000  0.0000000000000000  0.0000000000000000  0.0000000000000000  0.0000000000000000  0.0000000000000000  0.0000000000000000  0.0000000000000000  0.0000000000000000  0.0000000000000000
  0.0000000000000000  0.0000000000000000  0.0000453999297625  0.0000000000000000  0.0000000000000000  0.0000000000000000  0.0000000000000000  0.0000000000000000  0.0000000000000000  0.0000000000000000  0.0000000000000000  0.0000000000000000
  0.0000000000000000  0.0000000000000000  0.0000000000000000  0.0000453999297625  0.0000000000000000  0.0000000000000000  0.0000000000000000  0.0000000000000000  0.0000000000000000  0.0000000000000000  0.0000000000000000  0.0000000000000000
  0.0000000000000000  0.0000000000000000  0.0000000000000000  0.0000000000000000  0.0000453999297625  0.0000000000000000  0.0000000000000000  0.0000000000000000  0.0000000000000000  0.0000000000000000  0.0000000000000000  0.0000000000000000
  0.0000000000000000  0.0000000000000000  0.0000000000000000  0.0000000000000000  0.0000000000000000  0.0000453999297625  0.0000000000000000  0.0000000000000000  0.0000000000000000  0.0000000000000000  0.0000000000000000  0.0000000000000000
  0.0000000000000000  0.0000000000000000  0.0000000000000000  0.0000000000000000  0.0000000000000000  0.0000000000000000  0.0000453999297625  0.0000000000000000  0.0000000000000000  0.0000000000000000  0.0000000000000000  0.0000000000000000
  0.0000000000000000  0.0000000000000000  0.0000000000000000  0.0000000000000000  0.0000000000000000  0.0000000000000000  0.0000000000000000  0.0000453999297625  0.0000000000000000  0.0000000000000000  0.0000000000000000  0.0000000000000000
  0.0000000000000000  0.0000000000000000  0.0000000000000000  0.0000000000000000  0.0000000000000000  0.0000000000000000  0.0000000000000000  0.0000000000000000  0.0000453999297625  0.0000000000000000  0.0000000000000000  0.0000000000000000
  0.0000000000000000  0.0000000000000000  0.0000000000000000  0.0000000000000000  0.0000000000000000  0.0000000000000000  0.0000000000000000  0.0000000000000000  0.0000000000000000  0.0000453999297625  0.0000000000000000  0.0000000000000000
  0.0000000000000000  0.0000000000000000  0.0000000000000000  0.0000000000000000  0.0000000000000000  0.0000000000000000  0.0000000000000000  0.0000000000000000  0.0000000000000000  0.0000000000000000  0.0000453999297625  0.0000000000000000
  0.0000000000000000  0.0000000000000000  0.0000000000000000  0.0000000000000000  0.0000000000000000  0.0000000000000000  0.0000000000000000  0.0000000000000000  0.0000000000000000  0.0000000000000000  0.0000000000000000  0.0000453999297625



  0.0000453999297625  0.0000000000000000  0.0000000000000000  0.0000000000000000  0.0000000000000000  0.0000000000000000  0.0000000000000000  0.0000000000000000  0.0000000000000000  0.0000000000000000  0.0000000000000000  0.0000000000000000
  0.0000000000000000  0.0000453999297625  0.0000000000000000  0.0000000000000000  0.0000000000000000  0.0000000000000000  0.0000000000000000  0.0000000000000000  0.0000000000000000  0.0000000000000000  0.0000000000000000  0.0000000000000000
  0.0000000000000000  0.0000000000000000  0.0000453999297625  0.0000000000000000  0.0000000000000000  0.0000000000000000  0.0000000000000000  0.0000000000000000  0.0000000000000000  0.0000000000000000  0.0000000000000000  0.0000000000000000
  0.0000000000000000  0.0000000000000000  0.0000000000000000  0.0000453999297625  0.0000000000000000  0.0000000000000000  0.0000000000000000  0.0000000000000000  0.0000000000000000  0.0000000000000000  0.0000000000000000  0.0000000000000000
  0.0000000000000000  0.0000000000000000  0.0000000000000000  0.0000000000000000  0.0000453999297625  0.0000000000000000  0.0000000000000000  0.0000000000000000  0.0000000000000000  0.0000000000000000  0.0000000000000000  0.0000000000000000
  0.0000000000000000  0.0000000000000000  0.0000000000000000  0.0000000000000000  0.0000000000000000  0.0000453999297625  0.0000000000000000  0.0000000000000000  0.0000000000000000  0.0000000000000000  0.0000000000000000  0.0000000000000000
  0.0000000000000000  0.0000000000000000  0.0000000000000000  0.0000000000000000  0.0000000000000000  0.0000000000000000  0.0000453999297625  0.0000000000000000  0.0000000000000000  0.0000000000000000  0.0000000000000000  0.0000000000000000
  0.0000000000000000  0.0000000000000000  0.0000000000000000  0.0000000000000000  0.0000000000000000  0.0000000000000000  0.0000000000000000  0.0000453999297625  0.0000000000000000  0.0000000000000000  0.0000000000000000  0.0000000000000000
  0.0000000000000000  0.0000000000000000  0.0000000000000000  0.0000000000000000  0.0000000000000000  0.0000000000000000  0.0000000000000000  0.0000000000000000  0.0000453999297625  0.0000000000000000  0.0000000000000000  0.0000000000000000
  0.0000000000000000  0.0000000000000000  0.0000000000000000  0.0000000000000000  0.0000000000000000  0.0000000000000000  0.0000000000000000  0.0000000000000000  0.0000000000000000  0.0000453999297625  0.0000000000000000  0.0000000000000000
  0.0000000000000000  0.0000000000000000  0.0000000000000000  0.0000000000000000  0.0000000000000000  0.0000000000000000  0.0000000000000000  0.0000000000000000  0.0000000000000000  0.0000000000000000  0.0000453999297625  0.0000000000000000
  0.0000000000000000  0.0000000000000000  0.0000000000000000  0.0000000000000000  0.0000000000000000  0.0000000000000000  0.0000000000000000  0.0000000000000000  0.0000000000000000  0.0000000000000000  0.0000000000000000  0.0000453999297625



  0.0000453999297625  0.0000000000000000  0.0000000000000000  0.0000000000000000  0.0000000000000000  0.0000000000000000  0.0000000000000000  0.0000000000000000  0.0000000000000000  0.0000000000000000  0.0000000000000000  0.0000000000000000
  0.0000000000000000  0.0000453999297625  0.0000000000000000  0.0000000000000000  0.0000000000000000  0.0000000000000000  0.0000000000000000  0.0000000000000000  0.0000000000000000  0.0000000000000000  0.0000000000000000  0.0000000000000000
  0.0000000000000000  0.0000000000000000  0.0000453999297625  0.0000000000000000  0.0000000000000000  0.0000000000000000  0.0000000000000000  0.0000000000000000  0.0000000000000000  0.0000000000000000  0.0000000000000000  0.0000000000000000
  0.0000000000000000  0.0000000000000000  0.0000000000000000  0.0000453999297625  0.0000000000000000  0.0000000000000000  0.0000000000000000  0.0000000000000000  0.0000000000000000  0.0000000000000000  0.0000000000000000  0.0000000000000000
  0.0000000000000000  0.0000000000000000  0.0000000000000000  0.0000000000000000  0.0000453999297625  0.0000000000000000  0.0000000000000000  0.0000000000000000  0.0000000000000000  0.0000000000000000  0.0000000000000000  0.0000000000000000
  0.0000000000000000  0.0000000000000000  0.0000000000000000  0.0000000000000000  0.0000000000000000  0.0000453999297625  0.0000000000000000  0.0000000000000000  0.0000000000000000  0.0000000000000000  0.0000000000000000  0.0000000000000000
  0.0000000000000000  0.0000000000000000  0.0000000000000000  0.0000000000000000  0.0000000000000000  0.0000000000000000  0.0000453999297625  0.0000000000000000  0.0000000000000000  0.0000000000000000  0.0000000000000000  0.0000000000000000
  0.0000000000000000  0.0000000000000000  0.0000000000000000  0.0000000000000000  0.0000000000000000  0.0000000000000000  0.0000000000000000  0.0000453999297625  0.0000000000000000  0.0000000000000000  0.0000000000000000  0.0000000000000000
  0.0000000000000000  0.0000000000000000  0.0000000000000000  0.0000000000000000  0.0000000000000000  0.0000000000000000  0.0000000000000000  0.0000000000000000  0.0000453999297625  0.0000000000000000  0.0000000000000000  0.0000000000000000
  0.0000000000000000  0.0000000000000000  0.0000000000000000  0.0000000000000000  0.0000000000000000  0.0000000000000000  0.0000000000000000  0.0000000000000000  0.0000000000000000  0.0000453999297625  0.0000000000000000  0.0000000000000000
  0.0000000000000000  0.0000000000000000  0.0000000000000000  0.0000000000000000  0.0000000000000000  0.0000000000000000  0.0000000000000000  0.0000000000000000  0.0000000000000000  0.0000000000000000  0.0000453999297625  0.0000000000000000
  0.0000000000000000  0.0000000000000000  0.0000000000000000  0.0000000000000000  0.0000000000000000  0.0000000000000000  0.0000000000000000  0.0000000000000000  0.0000000000000000  0.0000000000000000  0.0000000000000000  0.0000453999297625



  0.0000454000941329 -0.0000000008105775  0.0000000054939760 -0.0000000033978745  0.0000000018778214 -0.0000000133382820  0.0000000032470624  0.0000000048443219 -0.0000000045451016 -0.0000000055992823 -0.0000000176094295 -0.0000000116224995
 -0.0000000008105775  0.0000454039270511 -0.0000000270930377  0.0000000167563056 -0.0000000092603036  0.0000000657765113 -0.0000000160125899 -0.0000000238893281  0.0000000224137506  0.0000000276123461  0.0000000868392828  0.0000000573152879
  0.0000000054939760 -0.0000000270930377  0.0000455835624106 -0.0000001135717892  0.0000000627649839 -0.0000004458235768  0.0000001085309929  0.0000001619183729 -0.0000001519171244 -0.0000001871524449 -0.0000005885839621 -0.0000003884746418
 -0.0000000033978745  0.0000000167563056 -0.0000001135717892  0.0000454701708195 -0.0000000388184323  0.0000002757297345 -0.0000000671234619 -0.0000001001421017  0.0000000939566020  0.0000001157486877  0.0000003640231429  0.0000002402609808
  0.0000000018778214 -0.0000000092603036  0.0000000627649839 -0.0000000388184323  0.0000454213826100 -0.0000001523809077  0.0000000370955061  0.0000000553431221 -0.0000000519247310 -0.0000000639680379 -0.0000002011758980 -0.0000001327792464
 -0.0000000133382820  0.0000000657765113 -0.0000004458235768  0.0000002757297345 -0.0000001523809077  0.0000464823008101 -0.0000002634916828 -0.0000003931056319  0.0000003688245880  0.0000004543689441  0.0000014289648929  0.0000009431392301
  0.0000000032470624 -0.0000000160125899  0.0000001085309929 -0.0000000671234619  0.0000000370955061 -0.0000002634916828  0.0000454640740012  0.0000000956973717 -0.0000000897864106 -0.0000001106112714 -0.0000003478662563 -0.0000002295971824
  0.0000000048443219 -0.0000000238893281  0.0000001619183729 -0.0000001001421017  0.0000000553431221 -0.0000003931056319  0.0000000956973717  0.0000455427015395 -0.0000001339531605 -0.0000001650219592 -0.0000005189848236 -0.0000003425381193
 -0.0000000045451016  0.0000000224137506 -0.0000001519171244  0.0000000939566020 -0.0000000519247310  0.0000003688245880 -0.0000000897864106 -0.0000001339531605  0.0000455256090081  0.0000001548290108  0.0000004869285713  0.0000003213804903
 -0.0000000055992823  0.0000000276123461 -0.0000001871524449  0.0000001157486877 -0.0000000639680379  0.0000004543689441 -0.0000001106112714 -0.0000001650219592  0.0000001548290108  0.0000455906694703  0.0000005998657032  0.0000003959207677
 -0.0000000176094295  0.0000000868392828 -0.0000005885839621  0.0000003640231429 -0.0000002011758980  0.0000014289648929 -0.0000003478662563 -0.0000005189848236  0.0000004869285713  0.0000005998657032  0.0000472864738174  0.0000012451486501
 -0.0000000116224995  0.0000000573152879 -0.0000003884746418  0.0000002402609808 -0.0000001327792464  0.0000009431392301 -0.0000002295971824 -0.0000003425381193  0.0000003213804903  0.0000003959207677  0.0000012451486501  0.0000462217473908



  0.0000453999297625  0.0000000000000000  0.0000000000000000  0.0000000000000000  0.0000000000000000  0.0000000000000000  0.0000000000000000  0.0000000000000000  0.0000000000000000  0.0000000000000000  0.0000000000000000  0.0000000000000000
  0.0000000000000000  0.0000453999297625  0.0000000000000000  0.0000000000000000  0.0000000000000000  0.0000000000000000  0.0000000000000000  0.0000000000000000  0.0000000000000000  0.0000000000000000  0.0000000000000000  0.0000000000000000
  0.0000000000000000  0.0000000000000000  0.0000453999297625  0.0000000000000000  0.0000000000000000  0.0000000000000000  0.0000000000000000  0.0000000000000000  0.0000000000000000  0.0000000000000000  0.0000000000000000  0.0000000000000000
  0.0000000000000000  0.0000000000000000  0.0000000000000000  0.0000453999297625  0.0000000000000000  0.0000000000000000  0.0000000000000000  0.0000000000000000  0.0000000000000000  0.0000000000000000  0.0000000000000000  0.0000000000000000
  0.0000000000000000  0.0000000000000000  0.0000000000000000  0.0000000000000000  0.0000453999297625  0.0000000000000000  0.0000000000000000  0.0000000000000000  0.0000000000000000  0.0000000000000000  0.0000000000000000  0.0000000000000000
  0.0000000000000000  0.0000000000000000  0.0000000000000000  0.0000000000000000  0.0000000000000000  0.0000453999297625  0.0000000000000000  0.0000000000000000  0.0000000000000000  0.0000000000000000  0.0000000000000000  0.0000000000000000
  0.0000000000000000  0.0000000000000000  0.0000000000000000  0.0000000000000000  0.0000000000000000  0.0000000000000000  0.0000453999297625  0.0000000000000000  0.0000000000000000  0.0000000000000000  0.0000000000000000  0.0000000000000000
  0.0000000000000000  0.0000000000000000  0.0000000000000000  0.0000000000000000  0.0000000000000000  0.0000000000000000  0.0000000000000000  0.0000453999297625  0.0000000000000000  0.0000000000000000  0.0000000000000000  0.0000000000000000
  0.0000000000000000  0.0000000000000000  0.0000000000000000  0.0000000000000000  0.0000000000000000  0.0000000000000000  0.0000000000000000  0.0000000000000000  0.0000453999297625  0.0000000000000000  0.0000000000000000  0.0000000000000000
  0.0000000000000000  0.0000000000000000  0.0000000000000000  0.0000000000000000  0.0000000000000000  0.0000000000000000  0.0000000000000000  0.0000000000000000  0.0000000000000000  0.0000453999297625  0.0000000000000000  0.0000000000000000
  0.0000000000000000  0.0000000000000000  0.0000000000000000  0.0000000000000000  0.0000000000000000  0.0000000000000000  0.0000000000000000  0.0000000000000000  0.0000000000000000  0.0000000000000000  0.0000453999297625  0.0000000000000000
  0.0000000000000000  0.0000000000000000  0.0000000000000000  0.0000000000000000  0.0000000000000000  0.0000000000000000  0.0000000000000000  0.0000000000000000  0.0000000000000000  0.0000000000000000  0.0000000000000000  0.0000453999297625



  0.0000453999297625  0.0000000000000000  0.0000000000000000  0.0000000000000000  0.0000000000000000  0.0000000000000000  0.0000000000000000  0.0000000000000000  0.0000000000000000  0.0000000000000000  0.0000000000000000  0.0000000000000000
  0.0000000000000000  0.0000453999297625  0.0000000000000000  0.0000000000000000  0.0000000000000000  0.0000000000000000  0.0000000000000000  0.0000000000000000  0.0000000000000000  0.0000000000000000  0.0000000000000000  0.0000000000000000
  0.0000000000000000  0.0000000000000000  0.0000453999297625  0.0000000000000000  0.0000000000000000  0.0000000000000000  0.0000000000000000  0.0000000000000000  0.0000000000000000  0.0000000000000000  0.0000000000000000  0.0000000000000000
  0.0000000000000000  0.0000000000000000  0.0000000000000000  0.0000453999297625  0.0000000000000000  0.0000000000000000  0.0000000000000000  0.0000000000000000  0.0000000000000000  0.0000000000000000  0.0000000000000000  0.0000000000000000
  0.0000000000000000  0.0000000000000000  0.0000000000000000  0.0000000000000000  0.0000453999297625  0.0000000000000000  0.0000000000000000  0.0000000000000000  0.0000000000000000  0.0000000000000000  0.0000000000000000  0.0000000000000000
  0.0000000000000000  0.0000000000000000  0.0000000000000000  0.0000000000000000  0.0000000000000000  0.0000453999297625  0.0000000000000000  0.0000000000000000  0.0000000000000000  0.0000000000000000  0.0000000000000000  0.0000000000000000
  0.0000000000000000  0.0000000000000000  0.0000000000000000  0.0000000000000000  0.0000000000000000  0.0000000000000000  0.0000453999297625  0.0000000000000000  0.0000000000000000  0.0000000000000000  0.0000000000000000  0.0000000000000000
  0.0000000000000000  0.0000000000000000  0.0000000000000000  0.0000000000000000  0.0000000000000000  0.0000000000000000  0.0000000000000000  0.0000453999297625  0.0000000000000000  0.0000000000000000  0.0000000000000000  0.0000000000000000
  0.0000000000000000  0.0000000000000000  0.0000000000000000  0.0000000000000000  0.0000000000000000  0.0000000000000000  0.0000000000000000  0.0000000000000000  0.0000453999297625  0.0000000000000000  0.0000000000000000  0.0000000000000000
  0.0000000000000000  0.0000000000000000  0.0000000000000000  0.0000000000000000  0.0000000000000000  0.0000000000000000  0.0000000000000000  0.0000000000000000  0.0000000000000000  0.0000453999297625  0.0000000000000000  0.0000000000000000
  0.0000000000000000  0.0000000000000000  0.0000000000000000  0.0000000000000000  0.0000000000000000  0.0000000000000000  0.0000000000000000  0.0000000000000000  0.0000000000000000  0.0000000000000000  0.0000453999297625  0.0000000000000000
  0.0000000000000000  0.0000000000000000  0.0000000000000000  0.0000000000000000  0.0000000000000000  0.0000000000000000  0.0000000000000000  0.0000000000000000  0.0000000000000000  0.0000000000000000  0.0000000000000000  0.0000453999297625



  0.0000457313301172  0.0000002840860557 -0.0000007225562537 -0.0000005588034282  0.0000000130605995 -0.0000005361584402 -0.0000002854438921  0.0000000339256249 -0.0000001483846360  0.0000002934082725  0.0000001890394816 -0.0000001425044727
  0.0000002840860557  0.0000456434566203 -0.0000006193963079 -0.0000004790226069  0.0000000111959271 -0.0000004596106623 -0.0000002446908348  0.0000000290820358 -0.0000001271996404  0.0000002515181341  0.0000001620501606 -0.0000001221589929
 -0.0000007225562537 -0.0000006193963079  0.0000469753280151  0.0000012183659610 -0.0000000284761852  0.0000011689928162  0.0000006223568152 -0.0000000739684557  0.0000003235248398 -0.0000006397216513 -0.0000004121650979  0.0000003107042478
 -0.0000005588034282 -0.0000004790226069  0.0000012183659610  0.0000463421776115 -0.0000000220226312  0.0000009040641333  0.0000004813121749 -0.0000000572049947  0.0000002502044494 -0.0000004947416205 -0.0000003187561779  0.0000002402893864
  0.0000000130605995  0.0000000111959271 -0.0000000284761852 -0.0000000220226312  0.0000454004444851 -0.0000000211301846 -0.0000000112494399  0.0000000013370203 -0.0000000058478885  0.0000000115633188  0.0000000074501096 -0.0000000056161492
 -0.0000005361584402 -0.0000004596106623  0.0000011689928162  0.0000009040641333 -0.0000000211301846  0.0000462673575395  0.0000004618074477 -0.0000000548868156  0.0000002400651473 -0.0000004746926775 -0.0000003058388809  0.0000002305518830
 -0.0000002854438921 -0.0000002446908348  0.0000006223568152  0.0000004813121749 -0.0000000112494399  0.0000004618074477  0.0000456457901377 -0.0000000292210382  0.0000001278076122 -0.0000002527203067 -0.0000001628247062  0.0000001227428721
  0.0000000339256249  0.0000000290820358 -0.0000000739684557 -0.0000000572049947  0.0000000013370203 -0.0000000548868156 -0.0000000292210382  0.0000454034027462 -0.0000000151902116  0.0000000300363559  0.0000000193520691 -0.0000000145882562
 -0.0000001483846360 -0.0000001271996404  0.0000003235248398  0.0000002502044494 -0.0000000058478885  0.0000002400651473  0.0000001278076122 -0.0000000151902116  0.0000454663690402 -0.0000001313736666 -0.0000000846425004  0.0000000638064323
  0.0000002934082725  0.0000002515181341 -0.0000006397216513 -0.0000004947416205  0.0000000115633188 -0.0000004746926775 -0.0000002527203067  0.0000000300363559 -0.0000001313736666  0.0000456597014046  0.0000001673677983 -0.0000001261676114
  0.0000001890394816  0.0000001620501606 -0.0000004121650979 -0.0000003187561779  0.0000000074501096 -0.0000003058388809 -0.0000001628247062  0.0000000193520691 -0.0000000846425004  0.0000001673677983  0.0000455077628565 -0.0000000812883006
 -0.0000001425044727 -0.0000001221589929  0.0000003107042478  0.0000002402893864 -0.0000000056161492  0.0000002305518830  0.0000001227428721 -0.0000000145882562  0.0000000638064323 -0.0000001261676114 -0.0000000812883006  0.0000454612076834



  0.1398689534351525 -0.0707530688480447 -0.1068351886430588  0.2616168693087449  0.1187526499218805  0.1622648351708384  0.1258706871601883  0.5135794554383353 -0.2956176529125049  0.1805751720918480  0.0270328072428809  0.1826730412319120
 -0.0707530688480447  0.6996782310445931 -0.1406424661620174 -0.4835375304591575 -0.0146738894220936 -0.1641525192113885  0.2137308224585556  0.4900103783445783  0.1279303907309317 -0.7850939204000974  0.4955244489109560 -0.6901532637629617
 -0.1068351886430588 -0.1406424661620174  0.1387818688679733 -0.0968995092577082 -0.1040563958968876 -0.0999183221964854 -0.1775430826304213 -0.6123557442332340  0.2322250909377701  0.0654971104717976 -0.1700054247808705  0.0357365431130676
  0.2616168693087449 -0.4835375304591575 -0.0968995092577082  0.6752986314273138  0.1981673671935572  0.3470053858005753  0.0887580809773249  0.5642538113858147 -0.5416591889661901  0.7048310894207062 -0.2187801844259774  0.6579727830966761
  0.1187526499218805 -0.0146738894220936 -0.1040563958968876  0.1981673671935572  0.1040097226181197  0.1321989652198621  0.1258827680511786  0.4874897340780071 -0.2525508454758896  0.1059012814042801  0.0577969690918843  0.1142511421757328
  0.1622648351708384 -0.1641525192113885 -0.0999183221964854  0.3470053858005753  0.1321989652198621  0.1984931887253693  0.1117854003421573  0.5033274749231104 -0.3403868095026755  0.2952948136922858 -0.0315617032993896  0.2858643321222100
  0.1258706871601883  0.2137308224585556 -0.1775430826304213  0.0887580809773249  0.1258827680511786  0.1117854003421573  0.2292944852338152  0.7757187780423954 -0.2751690247633519 -0.1273588809539603  0.2371380480842257 -0.0853497725209727
  0.5135794554383353  0.4900103783445783 -0.6123557442332340  0.5642538113858147  0.4874897340780071  0.5033274749231104  0.7757187780423954  2.7335571450634770 -1.1102843478197980 -0.1203919988544856  0.6745100895692739 -0.0042383803878986
 -0.2956176529125049  0.1279303907309317  0.2322250909377701 -0.5416591889661901 -0.2525508454758896 -0.3403868095026755 -0.2751690247633519 -1.1102843478197980  0.6257524933288820 -0.3591432782114939 -0.0737657695224676 -0.3667106535751689
  0.1805751720918480 -0.7850939204000974  0.0654971104717976  0.7048310894207062  0.1059012814042801  0.2952948136922858 -0.1273588809539603 -0.1203919988544856 -0.3591432782114939  0.9582041454923539 -0.4972190839150853  0.8605432845386636
  0.0270328072428809  0.4955244489109560 -0.1700054247808705 -0.2187801844259774  0.0577969690918843 -0.0315617032993896  0.2371380480842257  0.6745100895692739 -0.0737657695224676 -0.4972190839150853  0.3958657365002312 -0.4231732223764247
  0.1826730412319120 -0.6901532637629617  0.0357365431130676  0.6579727830966761  0.1142511421757328  0.2858643321222100 -0.0853497725209727 -0.0042383803878986 -0.3667106535751689  0.8605432845386636 -0.4231732223764247  0.7768883996563332



  0.0000454012336395 -0.0000000112218854 -0.0000000104783898 -0.0000000218542711  0.0000000044587260 -0.0000000042584769  0.0000000043238424 -0.0000000075582142  0.0000000058734277 -0.0000000335458742 -0.0000000102381789  0.0000000415334103
 -0.0000000112218854  0.0000454965115029  0.0000000901828060  0.0000001880899204 -0.0000000383742572  0.0000000366508032 -0.0000000372133746  0.0000000650501634 -0.0000000505499611  0.0000002887143098  0.0000000881154189 -0.0000003574594546
 -0.0000000104783898  0.0000000901828060  0.0000454841375897  0.0000001756281958 -0.0000000358318061  0.0000000342225380 -0.0000000347478368  0.0000000607403247 -0.0000000472008199  0.0000002695858089  0.0000000822774129 -0.0000003337763073
 -0.0000000218542711  0.0000001880899204  0.0000001756281958  0.0000457662290030 -0.0000000747326664  0.0000000713762936 -0.0000000724718839  0.0000001266831599 -0.0000000984444691  0.0000005622620936  0.0000001716020240 -0.0000006961411142
  0.0000000044587260 -0.0000000383742572 -0.0000000358318061 -0.0000000747326664  0.0000454151767813 -0.0000000145622490  0.0000000147857722 -0.0000000258460004  0.0000000200847199 -0.0000001147131656 -0.0000000350103833  0.0000001420272713
 -0.0000000042584769  0.0000000366508032  0.0000000342225380  0.0000000713762936 -0.0000000145622490  0.0000454138379958 -0.0000000141217177  0.0000000246852120 -0.0000000191826806  0.0000001095611998  0.0000000334380067 -0.0000001356485820
  0.0000000043238424 -0.0000000372133746 -0.0000000347478368 -0.0000000724718839  0.0000000147857722 -0.0000000141217177  0.0000454142682415 -0.0000000250641176  0.0000000194771251 -0.0000001112429092 -0.0000000339512633  0.0000001377307196
 -0.0000000075582142  0.0000000650501634  0.0000000607403247  0.0000001266831599 -0.0000000258460004  0.0000000246852120 -0.0000000250641176  0.0000454437426379 -0.0000000340466347  0.0000001944561463  0.0000000593478889 -0.0000002407576820
  0.0000000058734277 -0.0000000505499611 -0.0000000472008199 -0.0000000984444691  0.0000000200847199 -0.0000000191826806  0.0000000194771251 -0.0000000340466347  0.0000454263871296 -0.0000001511103141 -0.0000000461187692  0.0000001870908667
 -0.0000000335458742  0.0000002887143098  0.0000002695858089  0.0000005622620936 -0.0000001147131656  0.0000001095611998 -0.0000001112429092  0.0000001944561463 -0.0000001511103141  0.0000462629909618  0.0000002634057148 -0.0000010685628495
 -0.0000000102381789  0.0000000881154189  0.0000000822774129  0.0000001716020240 -0.0000000350103833  0.0000000334380067 -0.0000000339512633  0.0000000593478889 -0.0000000461187692  0.0000002634057148  0.0000454803210147 -0.0000003261246843
  0.0000000415334103 -0.0000003574594546 -0.0000003337763073 -0.0000006961411142  0.0000001420272713 -0.0000001356485820  0.0000001377307196 -0.0000002407576820  0.0000001870908667 -0.0000010685628495 -0.0000003261246843  0.0000467229258192



  0.0000453999297625  0.0000000000000000  0.0000000000000000  0.0000000000000000  0.0000000000000000  0.0000000000000000  0.0000000000000000  0.0000000000000000  0.0000000000000000  0.0000000000000000  0.0000000000000000  0.0000000000000000
  0.0000000000000000  0.0000453999297625  0.0000000000000000  0.0000000000000000  0.0000000000000000  0.0000000000000000  0.0000000000000000  0.0000000000000000  0.0000000000000000  0.0000000000000000  0.0000000000000000  0.0000000000000000
  0.0000000000000000  0.0000000000000000  0.0000453999297625  0.0000000000000000  0.0000000000000000  0.0000000000000000  0.0000000000000000  0.0000000000000000  0.0000000000000000  0.0000000000000000  0.0000000000000000  0.0000000000000000
  0.0000000000000000  0.0000000000000000  0.0000000000000000  0.0000453999297625  0.0000000000000000  0.0000000000000000  0.0000000000000000  0.0000000000000000  0.0000000000000000  0.0000000000000000  0.0000000000000000  0.0000000000000000
  0.0000000000000000  0.0000000000000000  0.0000000000000000  0.0000000000000000  0.0000453999297625  0.0000000000000000  0.0000000000000000  0.0000000000000000  0.0000000000000000  0.0000000000000000  0.0000000000000000  0.0000000000000000
  0.0000000000000000  0.0000000000000000  0.0000000000000000  0.0000000000000000  0.0000000000000000  0.0000453999297625  0.0000000000000000  0.0000000000000000  0.0000000000000000  0.0000000000000000  0.0000000000000000  0.0000000000000000
  0.0000000000000000  0.0000000000000000  0.0000000000000000  0.0000000000000000  0.0000000000000000  0.0000000000000000  0.0000453999297625  0.0000000000000000  0.0000000000000000  0.0000000000000000  0.0000000000000000  0.0000000000000000
  0.0000000000000000  0.0000000000000000  0.0000000000000000  0.0000000000000000  0.0000000000000000  0.0000000000000000  0.0000000000000000  0.0000453999297625  0.0000000000000000  0.0000000000000000  0.0000000000000000  0.0000000000000000
  0.0000000000000000  0.0000000000000000  0.0000000000000000  0.0000000000000000  0.0000000000000000  0.0000000000000000  0.0000000000000000  0.0000000000000000  0.0000453999297625  0.0000000000000000  0.0000000000000000  0.0000000000000000
  0.0000000000000000  0.0000000000000000  0.0000000000000000  0.0000000000000000  0.0000000000000000  0.0000000000000000  0.0000000000000000  0.0000000000000000  0.0000000000000000  0.0000453999297625  0.0000000000000000  0.0000000000000000
  0.0000000000000000  0.0000000000000000  0.0000000000000000  0.0000000000000000  0.0000000000000000  0.0000000000000000  0.0000000000000000  0.0000000000000000  0.0000000000000000  0.0000000000000000  0.0000453999297625  0.0000000000000000
  0.0000000000000000  0.0000000000000000  0.0000000000000000  0.0000000000000000  0.0000000000000000  0.0000000000000000  0.0000000000000000  0.0000000000000000  0.0000000000000000  0.0000000000000000  0.0000000000000000  0.0000453999297625



  0.0000453999297625  0.0000000000000000  0.0000000000000000  0.0000000000000000  0.0000000000000000  0.0000000000000000  0.0000000000000000  0.0000000000000000  0.0000000000000000  0.0000000000000000  0.0000000000000000  0.0000000000000000
  0.0000000000000000  0.0000453999297625  0.0000000000000000  0.0000000000000000  0.0000000000000000  0.0000000000000000  0.0000000000000000  0.0000000000000000  0.0000000000000000  0.0000000000000000  0.0000000000000000  0.0000000000000000
  0.0000000000000000  0.0000000000000000  0.0000453999297625  0.0000000000000000  0.0000000000000000  0.0000000000000000  0.0000000000000000  0.0000000000000000  0.0000000000000000  0.0000000000000000  0.0000000000000000  0.0000000000000000
  0.0000000000000000  0.0000000000000000  0.0000000000000000  0.0000453999297625  0.0000000000000000  0.0000000000000000  0.0000000000000000  0.0000000000000000  0.0000000000000000  0.0000000000000000  0.0000000000000000  0.0000000000000000
  0.0000000000000000  0.0000000000000000  0.0000000000000000  0.0000000000000000  0.0000453999297625  0.0000000000000000  0.0000000000000000  0.0000000000000000  0.0000000000000000  0.0000000000000000  0.0000000000000000  0.0000000000000000
  0.0000000000000000  0.0000000000000000  0.0000000000000000  0.0000000000000000  0.0000000000000000  0.0000453999297625  0.0000000000000000  0.0000000000000000  0.0000000000000000  0.0000000000000000  0.0000000000000000  0.0000000000000000
  0.0000000000000000  0.0000000000000000  0.0000000000000000  0.0000000000000000  0.0000000000000000  0.0000000000000000  0.0000453999297625  0.0000000000000000  0.0000000000000000  0.0000000000000000  0.0000000000000000  0.0000000000000000
  0.0000000000000000  0.0000000000000000  0.0000000000000000  0.0000000000000000  0.0000000000000000  0.0000000000000000  0.0000000000000000  0.0000453999297625  0.0000000000000000  0.0000000000000000  0.0000000000000000  0.0000000000000000
  0.0000000000000000  0.0000000000000000  0.0000000000000000  0.0000000000000000  0.0000000000000000  0.0000000000000000  0.0000000000000000  0.0000000000000000  0.0000453999297625  0.0000000000000000  0.0000000000000000  0.0000000000000000
