
  0.0000453999297625  0.0000000000000000  0.0000000000000000  0.0000000000000000  0.0000000000000000  0.0000000000000000  0.0000000000000000  0.0000000000000000  0.0000000000000000  0.0000000000000000  0.0000000000000000  0.0000000000000000
  0.0000000000000000  0.0000453999297625  0.0000000000000000  0.0000000000000000  0.0000000000000000  0.0000000000000000  0.0000000000000000  0.0000000000000000  0.0000000000000000  0.0000000000000000  0.0000000000000000  0.0000000000000000
  0.0000000000000000  0.0000000000000000  0.0000453999297625  0.0000000000000000  0.0000000000000000  0.0000000000000000  0.0000000000000000  0.0000000000000000  0.0000000000000000  0.0000000000000000  0.0000000000000000  0.0000000000000000
  0.0000000000000000  0.0000000000000000  0.0000000000000000  0.0000453999297625  0.0000000000000000  0.0000000000000000  0.0000000000000000  0.0000000000000000  0.0000000000000000  0.0000000000000000  0.0000000000000000  0.0000000000000000
  0.0000000000000000  0.0000000000000000  0.0000000000000000  0.0000000000000000  0.0000453999297625  0.0000000000000000  0.0000000000000000  0.0000000000000000  0.0000000000000000  0.0000000000000000  0.0000000000000000  0.0000000000000000
  0.0000000000000000  0.0000000000000000  0.0000000000000000  0.0000000000000000  0.0000000000000000  0.0000453999297625  0.0000000000000000  0.0000000000000000  0.0000000000000000  0.0000000000000000  0.0000000000000000  0.0000000000000000
  0.0000000000000000  0.0000000000000000  0.0000000000000000  0.0000000000000000  0.0000000000000000  0.0000000000000000  0.0000453999297625  0.0000000000000000  0.0000000000000000  0.0000000000000000  0.0000000000000000  0.0000000000000000
  0.0000000000000000  0.0000000000000000  0.0000000000000000  0.0000000000000000  0.0000000000000000  0.0000000000000000  0.0000000000000000  0.0000453999297625  0.0000000000000000  0.0000000000000000  0.0000000000000000  0.0000000000000000
  0.0000000000000000  0.0000000000000000  0.0000000000000000  0.0000000000000000  0.0000000000000000  0.0000000000000000  0.0000000000000000  0.0000000000000000  0.0000453999297625  0.0000000000000000  0.0000000000000000  0.0000000000000000
  0.0000000000000000  0.0000000000000000  0.0000000000000000  0.0000000000000000  0.0000000000000000  0.0000000000000000  0.0000000000000000  0.0000000000000000  0.0000000000000000  0.0000453999297625  0.0000000000000000  0.0000000000000000
  0.0000000000000000  0.0000000000000000  0.0000000000000000  0.0000000000000000  0.0000000000000000  0.0000000000000000  0.0000000000000000  0.0000000000000000  0.0000000000000000  0.0000000000000000  0.0000453999297625  0.0000000000000000
  0.0000000000000000  0.0000000000000000  0.0000000000000000  0.0000000000000000  0.0000000000000000  0.0000000000000000  0.0000000000000000  0.0000000000000000  0.0000000000000000  0.0000000000000000  0.0000000000000000  0.0000453999297625



  0.0000453999297625  0.0000000000000000  0.0000000000000000  0.0000000000000000  0.0000000000000000  0.0000000000000000  0.0000000000000000  0.0000000000000000  0.0000000000000000  0.0000000000000000  0.0000000000000000  0.0000000000000000
  0.0000000000000000  0.0000453999297625  0.0000000000000000  0.0000000000000000  0.0000000000000000  0.0000000000000000  0.0000000000000000  0.0000000000000000  0.0000000000000000  0.0000000000000000  0.0000000000000000  0.0000000000000000
  0.0000000000000000  0.0000000000000000  0.0000453999297625  0.0000000000000000  0.0000000000000000  0.0000000000000000  0.0000000000000000  0.0000000000000000  0.0000000000000000  0.0000000000000000  0.0000000000000000  0.0000000000000000
  0.0000000000000000  0.0000000000000000  0.0000000000000000  0.0000453999297625  0.0000000000000000  0.0000000000000000  0.0000000000000000  0.0000000000000000  0.0000000000000000  0.0000000000000000  0.0000000000000000  0.0000000000000000
  0.0000000000000000  0.0000000000000000  0.0000000000000000  0.0000000000000000  0.0000453999297625  0.0000000000000000  0.0000000000000000  0.0000000000000000  0.0000000000000000  0.0000000000000000  0.0000000000000000  0.0000000000000000
  0.0000000000000000  0.0000000000000000  0.0000000000000000  0.0000000000000000  0.0000000000000000  0.0000453999297625  0.0000000000000000  0.0000000000000000  0.0000000000000000  0.0000000000000000  0.0000000000000000  0.0000000000000000
  0.0000000000000000  0.0000000000000000  0.0000000000000000  0.0000000000000000  0.0000000000000000  0.0000000000000000  0.0000453999297625  0.0000000000000000  0.0000000000000000  0.0000000000000000  0.0000000000000000  0.0000000000000000
  0.0000000000000000  0.0000000000000000  0.0000000000000000  0.0000000000000000  0.0000000000000000  0.0000000000000000  0.0000000000000000  0.0000453999297625  0.0000000000000000  0.0000000000000000  0.0000000000000000  0.0000000000000000
  0.0000000000000000  0.0000000000000000  0.0000000000000000  0.0000000000000000  0.0000000000000000  0.0000000000000000  0.0000000000000000  0.0000000000000000  0.0000453999297625  0.0000000000000000  0.0000000000000000  0.0000000000000000
  0.0000000000000000  0.0000000000000000  0.0000000000000000  0.0000000000000000  0.0000000000000000  0.0000000000000000  0.0000000000000000  0.0000000000000000  0.0000000000000000  0.0000453999297625  0.0000000000000000  0.0000000000000000
  0.0000000000000000  0.0000000000000000  0.0000000000000000  0.0000000000000000  0.0000000000000000  0.0000000000000000  0.0000000000000000  0.0000000000000000  0.0000000000000000  0.0000000000000000  0.0000453999297625  0.0000000000000000
  0.0000000000000000  0.0000000000000000  0.0000000000000000  0.0000000000000000  0.0000000000000000  0.0000000000000000  0.0000000000000000  0.0000000000000000  0.0000000000000000  0.0000000000000000  0.0000000000000000  0.0000453999297625



  0.0000453999297625  0.0000000000000000  0.0000000000000000  0.0000000000000000  0.0000000000000000  0.0000000000000000  0.0000000000000000  0.0000000000000000  0.0000000000000000  0.0000000000000000  0.0000000000000000  0.0000000000000000
  0.0000000000000000  0.0000453999297625  0.0000000000000000  0.0000000000000000  0.0000000000000000  0.0000000000000000  0.0000000000000000  0.0000000000000000  0.0000000000000000  0.0000000000000000  0.0000000000000000  0.0000000000000000
  0.0000000000000000  0.0000000000000000  0.0000453999297625  0.0000000000000000  0.0000000000000000  0.0000000000000000  0.0000000000000000  0.0000000000000000  0.0000000000000000  0.0000000000000000  0.0000000000000000  0.0000000000000000
  0.0000000000000000  0.0000000000000000  0.0000000000000000  0.0000453999297625  0.0000000000000000  0.0000000000000000  0.0000000000000000  0.0000000000000000  0.0000000000000000  0.0000000000000000  0.0000000000000000  0.0000000000000000
  0.0000000000000000  0.0000000000000000  0.0000000000000000  0.0000000000000000  0.0000453999297625  0.0000000000000000  0.0000000000000000  0.0000000000000000  0.0000000000000000  0.0000000000000000  0.0000000000000000  0.0000000000000000
  0.0000000000000000  0.0000000000000000  0.0000000000000000  0.0000000000000000  0.0000000000000000  0.0000453999297625  0.0000000000000000  0.0000000000000000  0.0000000000000000  0.0000000000000000  0.0000000000000000  0.0000000000000000
  0.0000000000000000  0.0000000000000000  0.0000000000000000  0.0000000000000000  0.0000000000000000  0.0000000000000000  0.0000453999297625  0.0000000000000000  0.0000000000000000  0.0000000000000000  0.0000000000000000  0.0000000000000000
  0.0000000000000000  0.0000000000000000  0.0000000000000000  0.0000000000000000  0.0000000000000000  0.0000000000000000  0.0000000000000000  0.0000453999297625  0.0000000000000000  0.0000000000000000  0.0000000000000000  0.0000000000000000
  0.0000000000000000  0.0000000000000000  0.0000000000000000  0.0000000000000000  0.0000000000000000  0.0000000000000000  0.0000000000000000  0.0000000000000000  0.0000453999297625  0.0000000000000000  0.0000000000000000  0.0000000000000000
  0.0000000000000000  0.0000000000000000  0.0000000000000000  0.0000000000000000  0.0000000000000000  0.0000000000000000  0.0000000000000000  0.0000000000000000  0.0000000000000000  0.0000453999297625  0.0000000000000000  0.0000000000000000
  0.0000000000000000  0.0000000000000000  0.0000000000000000  0.0000000000000000  0.0000000000000000  0.0000000000000000  0.0000000000000000  0.0000000000000000  0.0000000000000000  0.0000000000000000  0.0000453999297625  0.0000000000000000
  0.0000000000000000  0.0000000000000000  0.0000000000000000  0.0000000000000000  0.0000000000000000  0.0000000000000000  0.0000000000000000  0.0000000000000000  0.0000000000000000  0.0000000000000000  0.0000000000000000  0.0000453999297625



  0.0000466427379186  0.0000014499892717  0.0000024008422959 -0.0000024749165363 -0.0000016512787857  0.0000013851927568  0.0000028455336882  0.0000024233663550  0.0000000257929957  0.0000005361656308  0.0000050059344443  0.0000007978465142
  0.0000014499892717  0.0000470916380747  0.0000028010723578 -0.0000028874950719 -0.0000019265535973  0.0000016161099577  0.0000033198955929  0.0000028273512681  0.0000000300927917  0.0000006255465968  0.0000058404438397  0.0000009308507354
  0.0000024008422959  0.0000028010723578  0.0000500378488985 -0.0000047810148894 -0.0000031899210924  0.0000026758992062  0.0000054969687795  0.0000046814308506  0.0000000498266081  0.0000010357585100  0.0000096704057543  0.0000015412705875
 -0.0000024749165363 -0.0000028874950719 -0.0000047810148894  0.0000503284554013  0.0000032883411270 -0.0000027584598981 -0.0000056665691683 -0.0000048258690900 -0.0000000513639303 -0.0000010677152216 -0.0000099687710246 -0.0000015888240850
 -0.0000016512787857 -0.0000019265535973 -0.0000031899210924  0.0000032883411270  0.0000475939301918 -0.0000018404605748 -0.0000037807680857 -0.0000032198480773 -0.0000000342703147 -0.0000007123858396 -0.0000066512223224 -0.0000010600727205
  0.0000013851927568  0.0000016161099577  0.0000026758992062 -0.0000027584598981 -0.0000018404605748  0.0000469438196734  0.0000031715374853  0.0000027010037756  0.0000000287480176  0.0000005975924317  0.0000055794485248  0.0000008892532666
  0.0000028455336882  0.0000033198955929  0.0000054969687795 -0.0000056665691683 -0.0000037807680857  0.0000031715374853  0.0000519150640019  0.0000055485398676  0.0000000590556457  0.0000012276048860  0.0000114615880435  0.0000018267494650
  0.0000024233663550  0.0000028273512681  0.0000046814308506 -0.0000048258690900 -0.0000032198480773  0.0000027010037756  0.0000055485398676  0.0000501252805429  0.0000000502940680  0.0000010454757188  0.0000097611309098  0.0000015557303752
  0.0000000257929957  0.0000000300927917  0.0000000498266081 -0.0000000513639303 -0.0000000342703147  0.0000000287480176  0.0000000590556457  0.0000000502940680  0.0000454004650652  0.0000000111274759  0.0000001038921774  0.0000000165583494
  0.0000005361656308  0.0000006255465968  0.0000010357585100 -0.0000010677152216 -0.0000007123858396  0.0000005975924317  0.0000012276048860  0.0000010454757188  0.0000000111274759  0.0000456312394640  0.0000021596333962  0.0000003442026651
  0.0000050059344443  0.0000058404438397  0.0000096704057543 -0.0000099687710246 -0.0000066512223224  0.0000055794485248  0.0000114615880435  0.0000097611309098  0.0000001038921774  0.0000021596333962  0.0000655634437671  0.0000032136636111
  0.0000007978465142  0.0000009308507354  0.0000015412705875 -0.0000015888240850 -0.0000010600727205  0.0000008892532666  0.0000018267494650  0.0000015557303752  0.0000000165583494  0.0000003442026651  0.0000032136636111  0.0000459121239070



  0.0000460069788564 -0.0000016339550337 -0.0000009908966849 -0.0000015321702974 -0.0000016862490311  0.0000018918908092  0.0000013467585083 -0.0000006875259723  0.0000006659830036 -0.0000023573356668 -0.0000016181293781 -0.0000002582800308
 -0.0000016339550337  0.0000497979415199  0.0000026671329264  0.0000041240443238  0.0000045387681494 -0.0000050922809079 -0.0000036249833268  0.0000018505694756 -0.0000017925836510  0.0000063450889190  0.0000043554148572  0.0000006951957603
 -0.0000009908966849  0.0000026671329264  0.0000470173874773  0.0000025009879492  0.0000027524933184 -0.0000030881659325 -0.0000021983370945  0.0000011222604788 -0.0000010870955201  0.0000038479195851  0.0000026413004363  0.0000004215949399
 -0.0000015321702974  0.0000041240443238  0.0000025009879492  0.0000492670730360  0.0000042560325110 -0.0000047750650366 -0.0000033991705201  0.0000017352910730 -0.0000016809173869  0.0000059498312837  0.0000040841009325  0.0000006518896009
 -0.0000016862490311  0.0000045387681494  0.0000027524933184  0.0000042560325110  0.0000500839591489 -0.0000052552570724 -0.0000037409992909  0.0000019097961209 -0.0000018499544861  0.0000065481606415  0.0000044948079545  0.0000007174451885
  0.0000018918908092 -0.0000050922809079 -0.0000030881659325 -0.0000047750650366 -0.0000052552570724  0.0000512960769935  0.0000041972223825 -0.0000021426999583  0.0000020755605045 -0.0000073467232340 -0.0000050429596706 -0.0000008049392072
  0.0000013467585083 -0.0000036249833268 -0.0000021983370945 -0.0000033991705201 -0.0000037409992909  0.0000041972223825  0.0000483877580914 -0.0000015252991270  0.0000014775053377 -0.0000052298272054 -0.0000035898735860 -0.0000005730027974
 -0.0000006875259723  0.0000018505694756  0.0000011222604788  0.0000017352910730  0.0000019097961209 -0.0000021426999583 -0.0000015252991270  0.0000461786014834 -0.0000007542727873  0.0000026698491321  0.0000018326458029  0.0000002925203761
  0.0000006659830036 -0.0000017925836510 -0.0000010870955201 -0.0000016809173869 -0.0000018499544861  0.0000020755605045  0.0000014775053377 -0.0000007542727873  0.0000461305681335 -0.0000025861919631 -0.0000017752215995 -0.0000002833545299
 -0.0000023573356668  0.0000063450889190  0.0000038479195851  0.0000059498312837  0.0000065481606415 -0.0000073467232340 -0.0000052298272054  0.0000026698491321 -0.0000025861919631  0.0000545541011497  0.0000062836336219  0.0000010029711512
 -0.0000016181293781  0.0000043554148572  0.0000026413004363  0.0000040841009325  0.0000044948079545 -0.0000050429596706 -0.0000035898735860  0.0000018326458029 -0.0000017752215995  0.0000062836336219  0.0000497131602914  0.0000006884624485
 -0.0000002582800308  0.0000006951957603  0.0000004215949399  0.0000006518896009  0.0000007174451885 -0.0000008049392072 -0.0000005730027974  0.0000002925203761 -0.0000002833545299  0.0000010029711512  0.0000006884624485  0.0000455098196791



  0.0000524484279465 -0.0000046474541544  0.0000053142863329 -0.0000013433322824  0.0000011209894230  0.0000097982902211 -0.0000048163862500 -0.0000017181896587  0.0000154783876303  0.0000182438431325  0.0000020849397521 -0.0000050553450625
 -0.0000046474541544  0.0000484642463805 -0.0000035039949576  0.0000008857312627 -0.0000007391286505 -0.0000064605400193  0.0000031757026394  0.0000011328949031 -0.0000102057339049 -0.0000120291475353 -0.0000013747129757  0.0000033332610436
  0.0000053142863329 -0.0000035039949576  0.0000494066895702 -0.0000010128189300  0.0000008451812875  0.0000073875197877 -0.0000036313630158 -0.0000012954464316  0.0000116700865478  0.0000137551296301  0.0000015719613654 -0.0000038115284238
 -0.0000013433322824  0.0000008857312627 -0.0000010128189300  0.0000456559476508 -0.0000002136428557 -0.0000018673991569  0.0000009179270484  0.0000003274597759 -0.0000029499358927 -0.0000034769879760 -0.0000003973565436  0.0000009634688190
  0.0000011209894230 -0.0000007391286505  0.0000008451812875 -0.0000002136428557  0.0000455782113274  0.0000015583148942 -0.0000007659955217 -0.0000002732599745  0.0000024616745818  0.0000029014911621  0.0000003315877154 -0.0000008039994048
  0.0000097982902211 -0.0000064605400193  0.0000073875197877 -0.0000018673991569  0.0000015583148942  0.0000590207733452 -0.0000066953766693 -0.0000023884975908  0.0000215168863207  0.0000253612138493  0.0000028983258918 -0.0000070275591760
 -0.0000048163862500  0.0000031757026394 -0.0000036313630158  0.0000009179270484 -0.0000007659955217 -0.0000066953766693  0.0000486910672365  0.0000011740749350 -0.0000105767060455 -0.0000124663996381 -0.0000014246829455  0.0000034544230292
 -0.0000017181896587  0.0000011328949031 -0.0000012954464316  0.0000003274597759 -0.0000002732599745 -0.0000023884975908  0.0000011740749350  0.0000458187673115 -0.0000037731166081 -0.0000044472427725 -0.0000005082390358  0.0000012323251537
  0.0000154783876303 -0.0000102057339049  0.0000116700865478 -0.0000029499358927  0.0000024616745818  0.0000215168863207 -0.0000105767060455 -0.0000037731166081  0.0000793902178180  0.0000400631834610  0.0000045784938616 -0.0000111014557199
  0.0000182438431325 -0.0000120291475353  0.0000137551296301 -0.0000034769879760  0.0000029014911621  0.0000253612138493 -0.0000124663996381 -0.0000044472427725  0.0000400631834610  0.0000926210261654  0.0000053965132409 -0.0000130849040310
  0.0000020849397521 -0.0000013747129757  0.0000015719613654 -0.0000003973565436  0.0000003315877154  0.0000028983258918 -0.0000014246829455 -0.0000005082390358  0.0000045784938616  0.0000053965132409  0.0000460166531632 -0.0000014953667585
 -0.0000050553450625  0.0000033332610436 -0.0000038115284238  0.0000009634688190 -0.0000008039994048 -0.0000070275591760  0.0000034544230292  0.0000012323251537 -0.0000111014557199 -0.0000130849040310 -0.0000014953667585  0.0000490257395497



  0.0000543049633997  0.0000025402812414 -0.0000098305862628  0.0000088495972241  0.0000139722369386 -0.0000135938511479  0.0000012864523993  0.0000108995027762  0.0000100271496238  0.0000004537927717 -0.0000051728627664 -0.0000005190001301
  0.0000025402812414  0.0000461245793313 -0.0000028043076413  0.0000025244672550  0.0000039857694919 -0.0000038778298293  0.0000003669779398  0.0000031092305286  0.0000028603799976  0.0000001294505234 -0.0000014756290414 -0.0000001480518040
 -0.0000098305862628 -0.0000028043076413  0.0000562522667898 -0.0000097693880165 -0.0000154244538656  0.0000150067402098 -0.0000014201609785 -0.0000120323523333 -0.0000110693303768 -0.0000005009581288  0.0000057105088787  0.0000005729428723
  0.0000088495972241  0.0000025244672550 -0.0000097693880165  0.0000541944356811  0.0000138852557174 -0.0000135092254879  0.0000012784438605  0.0000108316502150  0.0000099647277137  0.0000004509677803 -0.0000051406601976 -0.0000005157692040
  0.0000139722369386  0.0000039857694919 -0.0000154244538656  0.0000138852557174  0.0000673227447703 -0.0000213291175400  0.0000020184783646  0.0000171016125828  0.0000157328670581  0.0000007120130463 -0.0000081163606075 -0.0000008143251429
 -0.0000135938511479 -0.0000038778298293  0.0000150067402098 -0.0000135092254879 -0.0000213291175400  0.0000661514279105 -0.0000019638154259 -0.0000166384793546 -0.0000153068011842 -0.0000006927308354  0.0000078965593302  0.0000007922721915
  0.0000012864523993  0.0000003669779398 -0.0000014201609785  0.0000012784438605  0.0000020184783646 -0.0000019638154259  0.0000455857751891  0.0000015745804079  0.0000014485572112  0.0000000655564958 -0.0000007472899023 -0.0000000749765795
  0.0000108995027762  0.0000031092305286 -0.0000120323523333  0.0000108316502150  0.0000171016125828 -0.0000166384793546  0.0000015745804079  0.0000587406048915  0.0000122729401835  0.0000005554291850 -0.0000063314339259 -0.0000006352410995
  0.0000100271496238  0.0000028603799976 -0.0000110693303768  0.0000099647277137  0.0000157328670581 -0.0000153068011842  0.0000014485572112  0.0000122729401835  0.0000566905922883  0.0000005109748268 -0.0000058246909618 -0.0000005843989110
  0.0000004537927717  0.0000001294505234 -0.0000005009581288  0.0000004509677803  0.0000007120130463 -0.0000006927308354  0.0000000655564958  0.0000005554291850  0.0000005109748268  0.0000454230546476 -0.0000002636045891 -0.0000000264477954
 -0.0000051728627664 -0.0000014756290414  0.0000057105088787 -0.0000051406601976 -0.0000081163606075  0.0000078965593302 -0.0000007472899023 -0.0000063314339259 -0.0000058246909618 -0.0000002636045891  0.0000484048043412  0.0000003014830217
 -0.0000005190001301 -0.0000001480518040  0.0000005729428723 -0.0000005157692040 -0.0000008143251429  0.0000007922721915 -0.0000000749765795 -0.0000006352410995 -0.0000005843989110 -0.0000000264477954  0.0000003014830217  0.0000454301779509



  0.0000453999297625  0.0000000000000000  0.0000000000000000  0.0000000000000000  0.0000000000000000  0.0000000000000000  0.0000000000000000  0.0000000000000000  0.0000000000000000  0.0000000000000000  0.0000000000000000  0.0000000000000000
  0.0000000000000000  0.0000453999297625  0.0000000000000000  0.0000000000000000  0.0000000000000000  0.0000000000000000  0.0000000000000000  0.0000000000000000  0.0000000000000000  0.0000000000000000  0.0000000000000000  0.0000000000000000
  0.0000000000000000  0.0000000000000000  0.0000453999297625  0.0000000000000000  0.0000000000000000  0.0000000000000000  0.0000000000000000  0.0000000000000000  0.0000000000000000  0.0000000000000000  0.0000000000000000  0.0000000000000000
  0.0000000000000000  0.0000000000000000  0.0000000000000000  0.0000453999297625  0.0000000000000000  0.0000000000000000  0.0000000000000000  0.0000000000000000  0.0000000000000000  0.0000000000000000  0.0000000000000000  0.0000000000000000
  0.0000000000000000  0.0000000000000000  0.0000000000000000  0.0000000000000000  0.0000453999297625  0.0000000000000000  0.0000000000000000  0.0000000000000000  0.0000000000000000  0.0000000000000000  0.0000000000000000  0.0000000000000000
  0.0000000000000000  0.0000000000000000  0.0000000000000000  0.0000000000000000  0.0000000000000000  0.0000453999297625  0.0000000000000000  0.0000000000000000  0.0000000000000000  0.0000000000000000  0.0000000000000000  0.0000000000000000
  0.0000000000000000  0.0000000000000000  0.0000000000000000  0.0000000000000000  0.0000000000000000  0.0000000000000000  0.0000453999297625  0.0000000000000000  0.0000000000000000  0.0000000000000000  0.0000000000000000  0.0000000000000000
  0.0000000000000000  0.0000000000000000  0.0000000000000000  0.0000000000000000  0.0000000000000000  0.0000000000000000  0.0000000000000000  0.0000453999297625  0.0000000000000000  0.0000000000000000  0.0000000000000000  0.0000000000000000
  0.0000000000000000  0.0000000000000000  0.0000000000000000  0.0000000000000000  0.0000000000000000  0.0000000000000000  0.0000000000000000  0.0000000000000000  0.0000453999297625  0.0000000000000000  0.0000000000000000  0.0000000000000000
  0.0000000000000000  0.0000000000000000  0.0000000000000000  0.0000000000000000  0.0000000000000000  0.0000000000000000  0.0000000000000000  0.0000000000000000  0.0000000000000000  0.0000453999297625  0.0000000000000000  0.0000000000000000
  0.0000000000000000  0.0000000000000000  0.0000000000000000  0.0000000000000000  0.0000000000000000  0.0000000000000000  0.0000000000000000  0.0000000000000000  0.0000000000000000  0.0000000000000000  0.0000453999297625  0.0000000000000000
  0.0000000000000000  0.0000000000000000  0.0000000000000000  0.0000000000000000  0.0000000000000000  0.0000000000000000  0.0000000000000000  0.0000000000000000  0.0000000000000000  0.0000000000000000  0.0000000000000000  0.0000453999297625



  1.0316471468168082 -0.2493354963581364  0.1035618996625721 -0.3857655397525219 -0.3929446023229100  0.2133037597393495  0.2023154053018770  1.0678423843689250  1.1100918766935037  0.3527922354182472 -0.5192823837463088 -0.5238522494555145
 -0.2493354963581364  0.0603091503552995 -0.0250306465042800  0.0932385430251779  0.0949737023796307 -0.0515549694088647 -0.0488991130535125 -0.2580947675081540 -0.2683063608987990 -0.0852689779683690  0.1255092209266783  0.1266137491327557
  0.1035618996625721 -0.0250306465042800  0.0104419209143649 -0.0387267814505121 -0.0394474798244020  0.0214134356530208  0.0203103226995360  0.1072000805171403  0.1114414813299493  0.0354166063814993 -0.0521304579897175 -0.0525892313966829
 -0.3857655397525219  0.0932385430251779 -0.0387267814505121  0.1443017053330465  0.1469408969920293 -0.0797645338689535 -0.0756554617016774 -0.3993176648101129 -0.4151167815086062 -0.1319259936205516  0.1941846762070838  0.1958935799710066
 -0.3929446023229100  0.0949737023796307 -0.0394474798244020  0.1469408969920293  0.1497208546567820 -0.0812489530721766 -0.0770634087342722 -0.4067489237418491 -0.4228420626131566 -0.1343811264940261  0.1977984334946936  0.1995391272665198
  0.2133037597393495 -0.0515549694088647  0.0214134356530208 -0.0797645338689535 -0.0812489530721766  0.0441501190300959  0.0418326591478366  0.2207972076655842  0.2295331160133916  0.0729466704744856 -0.1073717468208923 -0.1083166389338233
  0.2023154053018770 -0.0488991130535125  0.0203103226995360 -0.0756554617016774 -0.0770634087342722  0.0418326591478366  0.0397230453984704  0.2094228305932519  0.2177087074290806  0.0691888182388830 -0.1018404864785527 -0.1027367069975344
  1.0678423843689250 -0.2580947675081540  0.1072000805171403 -0.3993176648101129 -0.4067489237418491  0.2207972076655842  0.2094228305932519  1.1054015808089994  1.1490899146294473  0.3651859845726794 -0.5375250123563606 -0.5422554345763608
  1.1100918766935037 -0.2683063608987990  0.1114414813299493 -0.4151167815086062 -0.4228420626131566  0.2295331160133916  0.2177087074290806  1.1490899146294473  1.1945993868576503  0.3796346741820665 -0.5587923438325976 -0.5637099219393782
  0.3527922354182472 -0.0852689779683690  0.0354166063814993 -0.1319259936205516 -0.1343811264940261  0.0729466704744856  0.0691888182388830  0.3651859845726794  0.3796346741820665  0.1206950229885141 -0.1775867410312912 -0.1791495625422534
 -0.5192823837463088  0.1255092209266783 -0.0521304579897175  0.1941846762070838  0.1977984334946936 -0.1073717468208923 -0.1018404864785527 -0.5375250123563606 -0.5587923438325976 -0.1775867410312912  0.2614390974527130  0.2636940577731724
 -0.5238522494555145  0.1266137491327557 -0.0525892313966829  0.1958935799710066  0.1995391272665198 -0.1083166389338233 -0.1027367069975344 -0.5422554345763608 -0.5637099219393782 -0.1791495625422534  0.2636940577731724  0.2660600870968624



  0.0000453999297625  0.0000000000000000  0.0000000000000000  0.0000000000000000  0.0000000000000000  0.0000000000000000  0.0000000000000000  0.0000000000000000  0.0000000000000000  0.0000000000000000  0.0000000000000000  0.0000000000000000
  0.0000000000000000  0.0000453999297625  0.0000000000000000  0.0000000000000000  0.0000000000000000  0.0000000000000000  0.0000000000000000  0.0000000000000000  0.0000000000000000  0.0000000000000000  0.0000000000000000  0.0000000000000000
  0.0000000000000000  0.0000000000000000  0.0000453999297625  0.0000000000000000  0.0000000000000000  0.0000000000000000  0.0000000000000000  0.0000000000000000  0.0000000000000000  0.0000000000000000  0.0000000000000000  0.0000000000000000
  0.0000000000000000  0.0000000000000000  0.0000000000000000  0.0000453999297625  0.0000000000000000  0.0000000000000000  0.0000000000000000  0.0000000000000000  0.0000000000000000  0.0000000000000000  0.0000000000000000  0.0000000000000000
  0.0000000000000000  0.0000000000000000  0.0000000000000000  0.0000000000000000  0.0000453999297625  0.0000000000000000  0.0000000000000000  0.0000000000000000  0.0000000000000000  0.0000000000000000  0.0000000000000000  0.0000000000000000
  0.0000000000000000  0.0000000000000000  0.0000000000000000  0.0000000000000000  0.0000000000000000  0.0000453999297625  0.0000000000000000  0.0000000000000000  0.0000000000000000  0.0000000000000000  0.0000000000000000  0.0000000000000000
  0.0000000000000000  0.0000000000000000  0.0000000000000000  0.0000000000000000  0.0000000000000000  0.0000000000000000  0.0000453999297625  0.0000000000000000  0.0000000000000000  0.0000000000000000  0.0000000000000000  0.0000000000000000
  0.0000000000000000  0.0000000000000000  0.0000000000000000  0.0000000000000000  0.0000000000000000  0.0000000000000000  0.0000000000000000  0.0000453999297625  0.0000000000000000  0.0000000000000000  0.0000000000000000  0.0000000000000000
  0.0000000000000000  0.0000000000000000  0.0000000000000000  0.0000000000000000  0.0000000000000000  0.0000000000000000  0.0000000000000000  0.0000000000000000  0.0000453999297625  0.0000000000000000  0.0000000000000000  0.0000000000000000
  0.0000000000000000  0.0000000000000000  0.0000000000000000  0.0000000000000000  0.0000000000000000  0.0000000000000000  0.0000000000000000  0.0000000000000000  0.0000000000000000  0.0000453999297625  0.0000000000000000  0.0000000000000000
  0.0000000000000000  0.0000000000000000  0.0000000000000000  0.0000000000000000  0.0000000000000000  0.0000000000000000  0.0000000000000000  0.0000000000000000  0.0000000000000000  0.0000000000000000  0.0000453999297625  0.0000000000000000
  0.0000000000000000  0.0000000000000000  0.0000000000000000  0.0000000000000000  0.0000000000000000  0.0000000000000000  0.0000000000000000  0.0000000000000000  0.0000000000000000  0.0000000000000000  0.0000000000000000  0.0000453999297625



  0.0000454240945649 -0.0000003991251840 -0.0000002203007257  0.0000003129963274 -0.0000001693138809  0.0000000195358377  0.0000005569931528  0.0000004852059615 -0.0000003072713582 -0.0000001651117517 -0.0000001176873644  0.0000001563133495
 -0.0000003991251840  0.0000519922002012  0.0000036386628050 -0.0000051696974265  0.0000027965233389 -0.0000003226695039 -0.0000091997439478 -0.0000080140493395  0.0000050751392612  0.0000027271176154  0.0000019438185426 -0.0000025817961753
 -0.0000002203007257  0.0000036386628050  0.0000474083223385 -0.0000028534608696  0.0000015435661433 -0.0000001781003272 -0.0000050778811988 -0.0000044234264235  0.0000028012686420  0.0000015052570316  0.0000010729080817 -0.0000014250455591
  0.0000003129963274 -0.0000051696974265 -0.0000028534608696  0.0000494540370280 -0.0000021930501248  0.0000002530393313  0.0000072144935579  0.0000062846648407 -0.0000039799541936 -0.0000021386217464 -0.0000015243539856  0.0000020246598145
 -0.0000001693138809  0.0000027965233389  0.0000015435661433 -0.0000021930501248  0.0000465862498411 -0.0000001368804279 -0.0000039026461218 -0.0000033996596810  0.0000021529373717  0.0000011568773050  0.0000008245920691 -0.0000010952301377
  0.0000000195358377 -0.0000003226695039 -0.0000001781003272  0.0000002530393313 -0.0000001368804279  0.0000454157233513  0.0000004502965773  0.0000003922608073 -0.0000002484110266 -0.0000001334832507 -0.0000000951433911  0.0000001263702542
  0.0000005569931528 -0.0000091997439478 -0.0000050778811988  0.0000072144935579 -0.0000039026461218  0.0000004502965773  0.0000582384941831  0.0000111838861276 -0.0000070825343312 -0.0000038057880074 -0.0000027126667571  0.0000036029868554
  0.0000004852059615 -0.0000080140493395 -0.0000044234264235  0.0000062846648407 -0.0000033996596810  0.0000003922608073  0.0000111838861276  0.0000551423982207 -0.0000061697129726 -0.0000033152849732 -0.0000023630489453  0.0000031386215305
 -0.0000003072713582  0.0000050751392612  0.0000028012686420 -0.0000039799541936  0.0000021529373717 -0.0000002484110266 -0.0000070825343312 -0.0000061697129726  0.0000493070872069  0.0000020995045346  0.0000014964722539 -0.0000019876270635
 -0.0000001651117517  0.0000027271176154  0.0000015052570316 -0.0000021386217464  0.0000011568773050 -0.0000001334832507 -0.0000038057880074 -0.0000033152849732  0.0000020995045346  0.0000465280950217  0.0000008041268692 -0.0000010680480867
 -0.0000001176873644  0.0000019438185426  0.0000010729080817 -0.0000015243539856  0.0000008245920691 -0.0000000951433911 -0.0000027126667571 -0.0000023630489453  0.0000014964722539  0.0000008041268692  0.0000459730904909 -0.0000007612769114
  0.0000001563133495 -0.0000025817961753 -0.0000014250455591  0.0000020246598145 -0.0000010952301377  0.0000001263702542  0.0000036029868554  0.0000031386215305 -0.0000019876270635 -0.0000010680480867 -0.0000007612769114  0.0000464110641740



  0.0156259614146202  0.1345967143328634 -0.0460756235002519 -0.0495687267665646 -0.1884583212824626  0.2211016300589681 -0.0351605381474664 -0.0481393409398400  0.2992719708639411  0.1325589020264251  0.0871829064922811 -0.0229236783494729
  0.1345967143328634  1.1627974707333706 -0.3980371016550977 -0.4282128288476317 -1.6280509075906564  1.9100491537458026 -0.3037448678100630 -0.4158656433492827  2.5853457644499770  1.1451480811832901  0.7531541779415345 -0.1980330117811389
 -0.0460756235002519 -0.3980371016550977  0.1363027916903052  0.1465872835401668  0.5573197254818318 -0.6538543137601722  0.1039788927395117  0.1423604709977443 -0.8850240770889886 -0.3920108261966389 -0.2578222253155242  0.0677912855310619
 -0.0495687267665646 -0.4282128288476317  0.1465872835401668  0.1577457507562507  0.5995708826410446 -0.7034239209003141  0.1118616078780934  0.1531529821696469 -0.9521189927046929 -0.4217296656185577 -0.2773680986414538  0.0729306000526509
 -0.1884583212824626 -1.6280509075906564  0.5573197254818318  0.5995708826410446  2.2795939161305300 -2.6743940833655953  0.4252945400787707  0.5822827194753071 -3.6199243367259000 -1.6034023240883832 -1.0545441061288219  0.2772799398741932
  0.2211016300589681  1.9100491537458026 -0.6538543137601722 -0.7034239209003141 -2.6743940833655953  3.1376771338401803 -0.4989606915052530 -0.6831411602710797  4.2469393554714860  1.8811311169162788  1.2372040053076010 -0.3253081800734345
 -0.0351605381474664 -0.3037448678100630  0.1039788927395117  0.1118616078780934  0.4252945400787707 -0.4989606915052530  0.0793925313571482  0.1086363112608363 -0.6753679045624438 -0.2991462263848678 -0.1967458804103423  0.0517320616925785
 -0.0481393409398400 -0.4158656433492827  0.1423604709977443  0.1531529821696469  0.5822827194753071 -0.6831411602710797  0.1086363112608363  0.1487823964628520 -0.9246652606011115 -0.4095694801565514 -0.2693703491829842  0.0708277796318763
  0.2992719708639411  2.5853457644499770 -0.8850240770889886 -0.9521189927046929 -3.6199243367259000  4.2469393554714860 -0.6753679045624438 -0.9246652606011115  5.7484873527294410  2.5462037713179610  1.6746166634320776 -0.4403206668847858
  0.1325589020264251  1.1451480811832901 -0.3920108261966389 -0.4217296656185577 -1.6034023240883832  1.8811311169162788 -0.2991462263848678 -0.4095694801565514  2.5462037713179610  1.1278560301762333  0.7417514599150858 -0.1950348239091446
  0.0871829064922811  0.7531541779415345 -0.2578222253155242 -0.2773680986414538 -1.0545441061288219  1.2372040053076010 -0.1967458804103423 -0.2693703491829842  1.6746166634320776  0.7417514599150858  0.4878890629635644 -0.1282727202179335
 -0.0229236783494729 -0.1980330117811389  0.0677912855310619  0.0729306000526509  0.2772799398741932 -0.3253081800734345  0.0517320616925785  0.0708277796318763 -0.4403206668847858 -0.1950348239091446 -0.1282727202179335  0.0337732267956210



  0.0000544954771682 -0.0000042164158118 -0.0000147585666696 -0.0000067830070947  0.0000082839245814 -0.0000206667357892 -0.0000030340145228 -0.0000289691513571  0.0000069089929986  0.0000077863473546 -0.0000122696081480 -0.0000080362090423
 -0.0000042164158118  0.0000473545303495  0.0000068416172320  0.0000031443933048 -0.0000038401724526  0.0000095804625795  0.0000014064757443  0.0000134292068843 -0.0000032027964919 -0.0000036095109659  0.0000056878126728  0.0000037253391535
 -0.0000147585666696  0.0000068416172320  0.0000693473933318  0.0000110062053401 -0.0000134416157453  0.0000335341441678  0.0000049230358124  0.0000470057636550 -0.0000112106318886 -0.0000126342397460  0.0000199088435017  0.0000130396689316
 -0.0000067830070947  0.0000031443933048  0.0000110062053401  0.0000504583592549 -0.0000061777391400  0.0000154122241609  0.0000022626172033  0.0000216037529594 -0.0000051523835166 -0.0000058066707799  0.0000091500638065  0.0000059930052055
  0.0000082839245814 -0.0000038401724526 -0.0000134416157453 -0.0000061777391400  0.0000529446550450 -0.0000188225813121 -0.0000027632803574 -0.0000263841475752  0.0000062924829459  0.0000070915483558 -0.0000111747544164 -0.0000073191141399
 -0.0000206667357892  0.0000095804625795  0.0000335341441678  0.0000154122241609 -0.0000188225813121  0.0000923585073094  0.0000068938320837  0.0000658231737389 -0.0000156984870183 -0.0000176919954745  0.0000278787783212  0.0000182597266132
 -0.0000030340145228  0.0000014064757443  0.0000049230358124  0.0000022626172033 -0.0000027632803574  0.0000068938320837  0.0000464119902481  0.0000096632805054 -0.0000023046424983 -0.0000025973028230  0.0000040927904226  0.0000026806495371
 -0.0000289691513571  0.0000134292068843  0.0000470057636550  0.0000216037529594 -0.0000263841475752  0.0000658231737389  0.0000096632805054  0.0001376661445288 -0.0000220050157484 -0.0000247993732507  0.0000390784764984  0.0000255951781351
  0.0000069089929986 -0.0000032027964919 -0.0000112106318886 -0.0000051523835166  0.0000062924829459 -0.0000156984870183 -0.0000023046424983 -0.0000220050157484  0.0000506480123821  0.0000059145224535 -0.0000093200148391 -0.0000061043178088
  0.0000077863473546 -0.0000036095109659 -0.0000126342397460 -0.0000058066707799  0.0000070915483558 -0.0000176919954745 -0.0000025973028230 -0.0000247993732507  0.0000059145224535  0.0000520655214440 -0.0000105035383451 -0.0000068794886362
 -0.0000122696081480  0.0000056878126728  0.0000199088435017  0.0000091500638065 -0.0000111747544164  0.0000278787783212  0.0000040927904226  0.0000390784764984 -0.0000093200148391 -0.0000105035383451  0.0000619512462904  0.0000108405939244
 -0.0000080362090423  0.0000037253391535  0.0000130396689316  0.0000059930052055 -0.0000073191141399  0.0000182597266132  0.0000026806495371  0.0000255951781351 -0.0000061043178088 -0.0000068794886362  0.0000108405939244  0.0000525001792463



  0.0000475551851766 -0.0000040905575404 -0.0000050475806032  0.0000040736010807  0.0000028136943093 -0.0000000088030832  0.0000048406478535 -0.0000035541688569  0.0000033067420433  0.0000015976741786 -0.0000034689835247 -0.0000014894942912
 -0.0000040905575404  0.0000531635854674  0.0000095800334207 -0.0000077314732668 -0.0000053402387476  0.0000000167077730 -0.0000091872863179  0.0000067456191606 -0.0000062760165272 -0.0000030322986852  0.0000065839420337  0.0000028269791434
 -0.0000050475806032  0.0000095800334207  0.0000572212989511 -0.0000095403216091 -0.0000065896360711  0.0000000206167081 -0.0000113367353365  0.0000083238179871 -0.0000077443475554 -0.0000037417324840  0.0000081243150289  0.0000034883765719
  0.0000040736010807 -0.0000077314732668 -0.0000095403216091  0.0000530993539960  0.0000053181020237 -0.0000000166385148  0.0000091492025485 -0.0000067176567574  0.0000062500007531  0.0000030197289927 -0.0000065566498256 -0.0000028152605556
  0.0000028136943093 -0.0000053402387476 -0.0000065896360711  0.0000053181020237  0.0000490732186055 -0.0000000114924592  0.0000063194845631 -0.0000046399812392  0.0000043169645736  0.0000020857698420 -0.0000045287714573 -0.0000019445405791
 -0.0000000088030832  0.0000000167077730  0.0000000206167081 -0.0000000166385148 -0.0000000114924592  0.0000453999657184 -0.0000000197714968  0.0000000145169077 -0.0000000135062995 -0.0000000065256575  0.0000000141689705  0.0000000060837996
  0.0000048406478535 -0.0000091872863179 -0.0000113367353365  0.0000091492025485  0.0000063194845631 -0.0000000197714968  0.0000562718995013 -0.0000079825712236  0.0000074268570069  0.0000035883348362 -0.0000077912471731 -0.0000033453656102
 -0.0000035541688569  0.0000067456191606  0.0000083238179871 -0.0000067176567574 -0.0000046399812392  0.0000000145169077 -0.0000079825712236  0.0000512610059861 -0.0000054530518802 -0.0000026346779003  0.0000057205995762  0.0000024562816025
  0.0000033067420433 -0.0000062760165272 -0.0000077443475554  0.0000062500007531  0.0000043169645736 -0.0000000135062995  0.0000074268570069 -0.0000054530518802  0.0000504733622983  0.0000024512623160 -0.0000053223546469 -0.0000022852852445
